Project,Full Path,Class Name,Kind,All Methods,Average Blank Lines,Average Code Lines,Average Comment Lines,Average Cyclomatic Complexity,Average Lines,Base Classes,Blank Lines,Class Methods,Class Variables,Code Lines,Comment Lines,Comment to Code Ratio,Coupled Classes,Coupled Classes Modified,Declarative Code Lines,Declarative Statements,Default Methods,Derived Classes,Executable Code Lines,Executable Statements,Instance Methods,Instance Variables,Lines,Max Cyclomatic Complexity,Max Inheritance Tree,Max Nesting,Methods,Percent Lack of Cohesion,Percent Lack of Cohesion Modified,Private Methods,Protected Methods,Public Methods,Semicolons,Statements,Sum Cyclomatic Complexity,Code Smell
hsqldb,org.hsqldb.cmdline.utilclone.RCData,RCData,Unknown Class,13,2,8,0,2,13,1,30,0,0,90.5,11,0.1,8,8,25,22,0,0,55,44,7,2,148.5,5,2,2,8,50,37.5,0,0,5,42,63,19,No
hsqldb,org.hsqldb.sample.SqlFileEmbedder,SqlFileEmbedder,Public Class,4,1,12,11,2,23,1,6,1,0,50,58,1.16,11,11,13,13,0,0,30,26,3,1,114,4,1,2,4,25,0,0,0,4,25,37,9,No
hsqldb,org.hsqldb.cmdline.SqlFile,SqlFile,Public Class,94,5,48,11,13,64,1,641,19,72,4767,1217,0.26,85,85,729,649,1,0,3903,2738,75,52,6554,144,1,11,94,96,89,56,2,35,2206,3183,1214,No
hsqldb,org.hsqldb.cmdline.SqlToolError,SqlToolError,Public Class,4,0,3,0,1,3,1,5,0,1,14,11,0.79,2,2,6,6,0,3,4,3,4,0,30,1,2,0,4,0,0,0,0,4,4,9,4,No
hsqldb,org.hsqldb.sample.Testdb,Testdb,Public Class,6,5,12,10,2,23,1,35,2,0,73,72,0.99,8,8,18,18,0,0,51,37,4,1,162,4,1,2,6,33,17,0,0,6,40,51,12,No
hsqldb,org.hsqldb.sample.TriggerSample,TriggerSample,Public Class,16,3,16,2,4,20,2,61,15,12,270,104,0.39,15,15,56,46,0,0,201,147,1,0,434,10,1,3,16,0,0,8,0,8,145,177,58,No
hsqldb,org.hsqldb.error.Error,Error,Public Final Class,18,2,8,4,2,13,1,62,18,9,149,73,0.49,10,10,55,48,0,0,91,69,0,0,284,4,1,3,18,97,97,2,0,16,67,101,36,Yes
hsqldb,org.hsqldb.lib.StringUtil,StringUtil,Public Class,13,5,15,8,4,28,1,79,13,0,195,110,0.56,4,4,48,52,0,0,128,128,0,0,384,7,1,2,13,0,0,0,0,13,112,158,49,Yes
hsqldb,org.hsqldb.server.Servlet,Servlet,Public Class,4,9,35,4,5,47,1,43,0,2,148,51,0.34,20,20,40,33,0,0,113,91,4,3,237,9,2,3,4,44,44,0,1,3,82,104,21,No
hsqldb,org.hsqldb.DatabaseManager,DatabaseManager,Public Class,19,5,15,4,3,24,1,119,19,7,295,107,0.36,23,23,73,66,2,0,191,158,0,0,521,9,1,5,19,95,79,5,0,12,132,198,56,Yes
hsqldb,org.hsqldb.DatabaseURL,DatabaseURL,Public Final Class,2,29,99,33,23,161,1,61,2,13,213,69,0.32,6,6,44,43,0,0,174,132,0,0,339,44,1,4,2,0,0,0,0,2,115,161,46,No
hsqldb,org.hsqldb.HsqlException,HsqlException,Public Class,14,1,4,1,1,6,1,26,1,2,74,28,0.38,5,5,26,25,0,0,33,30,13,7,128,3,2,1,14,78,78,1,0,13,36,54,17,Yes
hsqldb,org.hsqldb.Session,Session,Public Class,127,3,11,2,3,16,2,540,2,0,1464,287,0.2,80,80,309,296,27,0,923,747,125,71,2290,36,1,4,127,97,94,9,0,91,681,978,336,Yes
hsqldb,org.hsqldb.lib.DataOutputStream,DataOutputStream,Public Class,16,2,7,0,2,9,2,54,0,0,110,8,0.07,9,9,39,38,0,0,65,56,16,1,172,4,2,2,16,69,38,0,0,16,62,87,25,Yes
hsqldb,org.hsqldb.lib.HsqlByteArrayOutputStream,HsqlByteArrayOutputStream,Public Class,39,2,6,0,2,8,2,117,0,0,236,29,0.12,11,11,63,66,0,1,131,124,39,2,382,5,2,2,39,29,14,0,0,39,121,182,63,Yes
hsqldb,org.hsqldb.persist.HsqlProperties,HsqlProperties,Public Class,38,2,8,1,2,12,1,129,9,2,340,55,0.16,20,20,106,94,0,2,211,181,29,6,524,11,1,4,38,83,76,0,1,37,178,251,73,Yes
hsqldb,org.hsqldb.result.Result,Result,Public Class,110,3,10,1,2,13,1,415,40,6,1102,113,0.1,34,34,245,215,1,1,763,614,70,26,1622,43,1,3,110,93,90,3,0,106,619,774,243,Yes
hsqldb,org.hsqldb.rowio.RowInputBinary,RowInputBinary,Public Class,100,2,6,0,2,8,2,101,0,0,235,28,0.12,28,28,68,71,0,1,132,107,40,2,364,3,4,2,40,95,95,0,19,21,101,161,60,Yes
hsqldb,org.hsqldb.rowio.RowOutputBinary,RowOutputBinary,Public Class,117,1,6,0,2,8,1,118,0,1,314,37,0.12,21,21,69,73,0,1,199,151,48,4,467,43,4,2,48,89,86,1,19,28,157,217,101,Yes
hsqldb,org.hsqldb.server.WebServer,WebServer,Public Class,90,2,9,7,2,19,1,25,1,1,70,125,1.79,8,8,19,16,0,0,48,36,6,0,220,6,2,1,7,100,100,0,0,7,34,46,13,Yes
hsqldb,org.hsqldb.lib.FileUtil,FileUtil,Public Class,29,2,7,4,2,13,2,116,7,3,307,142,0.46,19,19,88,83,1,0,177,153,22,3,565,8,1,3,29,98,95,1,0,27,134,213,54,Yes
hsqldb,org.hsqldb.resources.ResourceBundleHandler,ResourceBundleHandler,Public Final Class,7,3,12,8,2,23,1,32,6,6,93,79,0.85,13,13,25,22,0,0,55,43,1,0,204,4,1,2,7,71,71,2,0,5,39,60,16,Yes
hsqldb,org.hsqldb.server.Server,Server,Public Class,83,4,13,8,3,24,3,409,3,1,1083,811,0.75,52,52,215,207,9,3,735,605,80,28,2300,22,1,5,83,95,83,7,13,54,573,764,219,Yes
hsqldb,org.hsqldb.server.ServerProperties,ServerProperties,Public Class,45,5,17,2,4,24,1,54,0,28,174,49,0.28,14,14,62,61,5,0,131,93,7,4,277,13,2,4,7,71,71,0,0,2,104,136,30,No
hsqldb,org.hsqldb.server.ServerConfiguration,ServerConfiguration,Public Final Class,8,4,16,9,4,29,2,42,7,0,133,76,0.57,8,8,20,22,0,0,91,74,1,0,251,8,1,3,8,0,0,1,0,7,64,91,32,No
hsqldb,org.hsqldb.test.TestBase,TestBase,Public Abstract Class,7,3,12,0,3,15,1,30,1,1,98,31,0.32,14,14,27,24,0,23,66,56,6,8,158,6,2,3,7,68,68,0,3,4,54,72,18,Yes
hsqldb,org.hsqldb.Database,Database,Public Class,67,1,6,2,1,9,1,198,0,8,558,160,0.29,39,39,178,174,9,0,332,264,67,61,916,7,1,3,67,97,96,1,0,57,304,419,94,Yes
hsqldb,org.hsqldb.test.TestConnectionSettings.TestConnectionSettingsMem,TestConnectionSettingsMem,Class,4,0,3,0,1,3,2,4,0,0,14,0,0,1,1,5,5,0,0,4,4,4,0,18,1,1,0,4,0,0,0,0,4,4,9,4,No
hsqldb,org.hsqldb.util.preprocessor.ant.AntResolver,AntResolver,Public Class,3,0,4,0,1,4,2,4,0,0,14,7,0.5,4,4,7,5,0,0,3,3,3,1,25,1,1,0,3,0,0,0,0,3,4,8,3,No
hsqldb,org.apache.tools.ant.Project,Project,Unknown Class,13,2,8,0,2,13,1,30,0,0,90.5,11,0.1,8,8,25,22,0,0,55,44,7,2,148.5,5,2,2,8,50,37.5,0,0,5,42,63,19,No
hsqldb,org.apache.tools.ant.BuildException,BuildException,Unknown Class,13,2,8,0,2,13,1,30,0,0,90.5,11,0.1,8,8,25,22,0,0,55,44,7,2,148.5,5,2,2,8,50,37.5,0,0,5,42,63,19,No
hsqldb,org.apache.tools.ant.taskdefs.MatchingTask,MatchingTask,Unknown Class,13,2,8,0,2,13,1,30,0,0,90.5,11,0.1,8,8,25,22,0,0,55,44,7,2,148.5,5,2,2,8,50,37.5,0,0,5,42,63,19,No
hsqldb,org.hsqldb.util.preprocessor.ant.PreprocessorAntTask,PreprocessorAntTask,Public Class,18,0,4,0,1,5,1,26,0,0,87,88,1.01,8,8,29,29,0,0,38,30,18,8,201,3,2,1,18,84,83,3,0,15,34,57,22,No
hsqldb,org.hsqldb.util.preprocessor.Option,Option,Public Class,14,0,3,0,1,3,1,16,13,6,54,14,0.26,1,1,27,22,0,0,24,13,1,0,77,2,1,0,14,0,0,1,0,13,20,35,20,No
hsqldb,org.hsqldb.util.preprocessor.Preprocessor,Preprocessor,Public Class,25,3,16,3,4,22,1,110,5,5,432,212,0.49,18,18,84,75,0,0,289,210,20,8,739,13,1,4,25,78,58,23,0,2,179,256,101,No
hsqldb,org.hsqldb.sample.JdbcAppClass,JdbcAppClass,Public Class,3,0,18,2,5,19,1,4,0,1,58,10,0.17,7,7,9,9,0,0,41,33,3,2,70,11,1,3,3,33,33,0,0,3,25,41,14,No
hsqldb,org.apache.commons.logging.Log,Log,Unknown Class,13,2,8,0,2,13,1,30,0,0,90.5,11,0.1,8,8,25,22,0,0,55,44,7,2,148.5,5,2,2,8,50,37.5,0,0,5,42,63,19,No
hsqldb,org.apache.commons.logging.LogFactory,LogFactory,Unknown Class,13,2,8,0,2,13,1,30,0,0,90.5,11,0.1,8,8,25,22,0,0,55,44,7,2,148.5,5,2,2,8,50,37.5,0,0,5,42,63,19,No
hsqldb,org.springframework.context.ApplicationContext,ApplicationContext,Unknown Class,13,2,8,0,2,13,1,30,0,0,90.5,11,0.1,8,8,25,22,0,0,55,44,7,2,148.5,5,2,2,8,50,37.5,0,0,5,42,63,19,No
hsqldb,org.springframework.context.support.ClassPathXmlApplicationContext,ClassPathXmlApplicationContext,Unknown Class,13,2,8,0,2,13,1,30,0,0,90.5,11,0.1,8,8,25,22,0,0,55,44,7,2,148.5,5,2,2,8,50,37.5,0,0,5,42,63,19,No
hsqldb,org.springframework.beans.factory.ListableBeanFactory,ListableBeanFactory,Unknown Class,13,2,8,0,2,13,1,30,0,0,90.5,11,0.1,8,8,25,22,0,0,55,44,7,2,148.5,5,2,2,8,50,37.5,0,0,5,42,63,19,No
hsqldb,org.hsqldb.sample.SpringExtAuth,SpringExtAuth,Public Class,2,1,43,17,9,59,1,5,2,2,92,40,0.43,12,12,14,11,0,0,77,58,0,0,133,10,1,3,2,50,0,1,0,1,45,65,17,No
hsqldb,org.hsqldb.jdbc.JDBCDriver,JDBCDriver,Public Class,9,3,14,22,3,39,2,56,1,2,144,271,1.88,20,20,34,26,0,1,93,79,8,1,471,10,1,1,9,89,89,0,0,9,69,99,24,Yes
hsqldb,org.hsqldb.auth.AuthBeanMultiplexer,AuthBeanMultiplexer,Public Class,10,0,11,12,3,22,1,12,3,3,118,123,1.04,19,19,30,21,0,0,75,50,7,0,251,9,1,3,10,77,67,1,1,8,39,65,26,No
hsqldb,org.hsqldb.jdbc.JDBCArrayBasic,JDBCArrayBasic,Public Class,16,2,6,19,1,27,2,50,0,0,102,345,3.38,12,12,36,31,1,0,53,48,16,3,497,4,1,1,16,73,54,2,0,13,51,73,21,Yes
hsqldb,org.hsqldb.lib.FrameworkLogger,FrameworkLogger,Public Class,25,2,12,9,2,23,1,92,8,6,312,279,0.89,24,24,61,53,1,0,215,134,17,2,680,15,1,3,25,87,40,2,0,22,120,176,57,No
hsqldb,org.hsqldb.types.Type,Type,Public Abstract Class,105,2,7,0,3,9,3,274,12,65,846,101,0.12,35,35,249,185,1,9,532,364,93,6,1218,42,1,2,105,94,94,0,0,104,352,485,230,Yes
hsqldb,org.hsqldb.auth.AuthUtils,AuthUtils,Public Final Class,3,0,19,3,4,21,1,3,2,1,61,15,0.25,9,9,11,10,2,0,45,32,1,0,75,5,1,3,3,33,33,1,0,0,24,38,11,No
hsqldb,org.hsqldb.auth.DenyException,DenyException,Public Class,0,0,0,0,0,0,1,0,0,0,2,5,2.5,0,0,1,1,0,0,0,0,0,0,7,0,2,0,0,0,0,0,0,0,0,1,0,No
hsqldb,org.hsqldb.auth.HsqldbSlaveAuthBean,HsqldbSlaveAuthBean,Public Class,7,0,12,4,3,16,2,8,0,1,89,43,0.48,9,9,19,17,0,0,58,40,7,5,137,8,1,5,7,69,69,0,0,7,33,54,20,No
hsqldb,org.hsqldb.auth.JaasAuthBean,JaasAuthBean,Public Class,7,0,13,13,3,25,2,11,0,1,127,115,0.91,14,14,30,30,0,0,82,56,7,4,252,14,1,4,7,66,63,0,0,7,49,81,22,No
hsqldb,org.hsqldb.auth.JaasAuthBean.UPCallbackHandler,UPCallbackHandler,Public Static Class,2,0,14,0,4,14,2,2,0,0,31,0,0,6,6,8,8,0,0,21,14,2,2,33,6,1,2,2,0,0,0,0,2,13,22,7,No
hsqldb,org.hsqldb.auth.LdapAuthBean,LdapAuthBean,Public Class,18,0,13,14,3,27,2,26,0,1,244,305,1.25,25,25,45,44,0,0,161,112,18,15,573,35,1,5,18,86,85,0,0,18,91,147,62,No
hsqldb,org.hsqldb.auth.LdapAuthBeanTester,LdapAuthBeanTester,Public Class,1,27,90,54,20,171,1,28,1,0,92,57,0.62,10,10,21,20,0,0,68,60,0,0,177,20,1,2,1,0,0,0,0,1,42,63,20,No
hsqldb,org.hsqldb.ClientConnection,ClientConnection,Public Class,52,2,7,1,2,10,3,172,1,3,420,56,0.13,36,36,119,113,0,1,258,216,51,30,648,6,1,2,52,95,84,1,7,44,217,302,91,Yes
hsqldb,org.hsqldb.jdbc.JDBCConnection,JDBCConnection,Public Class,70,3,12,30,3,44,2,341,0,0,835,2484,2.97,53,53,175,139,4,1,551,427,70,21,3653,21,1,4,70,95,90,2,0,64,361,538,183,Yes
hsqldb,org.hsqldb.map.ValuePool,ValuePool,Public Final Class,11,1,7,0,2,8,1,36,11,23,115,20,0.17,8,8,44,43,0,0,62,48,0,0,171,2,1,1,11,78,78,1,0,10,58,85,17,Yes
hsqldb,org.hsqldb.navigator.RowSetNavigatorClient,RowSetNavigatorClient,Public Class,60,2,7,1,2,10,1,69,0,1,151,15,0.1,8,8,34,36,1,0,90,83,20,3,235,5,2,1,20,62,57,1,0,18,81,118,37,No
hsqldb,org.hsqldb.result.ResultLob,ResultLob,Public Final Class,146,4,13,0,3,16,1,174,22,0,484,13,0.03,12,12,118,97,0,0,359,294,14,8,671,24,2,2,36,61,58,4,0,32,310,365,91,No
hsqldb,org.hsqldb.server.HsqlSocketFactory,HsqlSocketFactory,Public Class,11,1,6,7,2,14,1,26,4,2,67,89,1.33,10,10,23,20,0,1,29,23,7,0,182,3,1,1,11,91,82,3,1,7,25,42,17,No
hsqldb,org.hsqldb.types.BlobDataID,BlobDataID,Public Class,27,2,6,0,2,8,2,76,0,0,168,9,0.05,9,9,63,55,0,0,89,85,27,2,253,4,1,2,27,70,52,0,0,27,70,116,45,No
hsqldb,org.hsqldb.types.ClobDataID,ClobDataID,Public Class,23,2,7,0,2,9,2,74,1,0,165,8,0.05,9,9,66,53,1,0,91,85,22,2,247,5,1,2,23,59,50,0,0,22,69,112,42,No
hsqldb,org.hsqldb.Scanner,Scanner,Public Class,62,10,28,1,7,39,1,695,2,5,1843,94,0.05,35,35,261,222,21,0,1438,1123,60,19,2631,75,1,5,62,86,73,10,0,31,981,1285,410,No
hsqldb,org.hsqldb.HsqlDateTime,HsqlDateTime,Public Class,27,5,16,1,3,22,1,195,27,16,619,88,0.14,15,15,185,134,0,0,424,314,0,0,902,18,1,5,27,0,0,2,0,25,283,398,92,No
hsqldb,org.hsqldb.ClientConnectionHTTP,ClientConnectionHTTP,Public Class,62,2,7,2,1,11,1,35,0,2,77,30,0.39,12,12,24,21,0,0,50,36,10,1,135,4,2,2,10,70,50,0,6,4,38,52,13,No
hsqldb,org.hsqldb.cmdline.libclone.AppendableException,AppendableException,Unknown Class,13,2,8,0,2,13,1,30,0,0,90.5,11,0.1,8,8,25,22,0,0,55,44,7,2,148.5,5,2,2,8,50,37.5,0,0,5,42,63,19,No
hsqldb,org.hsqldb.cmdline.libclone.FrameworkLogger,FrameworkLogger,Unknown Class,13,2,8,0,2,13,1,30,0,0,90.5,11,0.1,8,8,25,22,0,0,55,44,7,2,148.5,5,2,2,8,50,37.5,0,0,5,42,63,19,No
hsqldb,org.hsqldb.cmdline.SqlFile.BadSpecial,BadSpecial,Public Static Class,2,0,5,0,1,5,1,1,0,1,13,5,0.38,2,2,4,4,2,0,7,4,2,0,19,1,2,0,2,0,0,0,0,0,5,8,2,No
hsqldb,org.hsqldb.cmdline.SqlFile.BadSubst,BadSubst,Private Static Class,1,0,3,0,1,3,1,1,0,1,6,3,0.5,1,1,3,3,1,0,2,1,1,0,10,1,2,0,1,0,0,0,0,0,2,4,1,No
hsqldb,org.hsqldb.cmdline.SqlFile.BreakException,BreakException,Private Static Class,6,0,3,0,1,3,1,2,0,1,9,7,0.78,1,1,4,4,0,0,3,2,2,0,18,1,3,0,2,0,0,0,0,2,3,6,2,No
hsqldb,org.hsqldb.cmdline.SqlFile.ContinueException,ContinueException,Private Static Class,6,0,3,0,1,3,1,2,0,1,9,7,0.78,1,1,4,4,0,0,3,2,2,0,18,1,3,0,2,0,0,0,0,2,3,6,2,No
hsqldb,org.hsqldb.cmdline.SqlFile.QuitNow,QuitNow,Private Static Class,6,0,3,0,1,3,1,2,0,1,9,7,0.78,1,1,4,4,0,0,3,2,2,0,18,1,3,0,2,0,0,0,0,2,3,6,2,No
hsqldb,org.hsqldb.cmdline.SqlFile.Recursion,Recursion,Private Enum Type,2,0,0,0,0,0,1,0,0,0,1,0,0,1,1,1,1,0,0,0,0,2,6,1,0,1,0,2,50,37.5,0,0,2,0,1,0,No
hsqldb,org.hsqldb.cmdline.SqlFile.RowError,RowError,Private Static Class,2,0,3,0,1,3,1,3,0,1,9,8,0.89,2,2,4,4,2,0,3,2,2,0,20,1,2,0,2,0,0,0,0,0,3,6,2,No
hsqldb,org.hsqldb.cmdline.SqlFile.SharedFields,SharedFields,Private Static Class,1,0,3,0,1,3,1,6,0,0,11,14,1.27,5,5,8,8,1,0,3,3,1,6,31,1,1,0,1,83,83,0,0,0,7,9,1,No
hsqldb,org.hsqldb.cmdline.sqltool.Calculator,Calculator,Public Class,7,1,33,7,9,41,1,13,2,1,285,59,0.21,13,13,51,42,0,0,221,187,5,3,356,31,1,4,7,79,71,1,0,6,147,222,60,No
hsqldb,org.hsqldb.cmdline.sqltool.FileRecordReader,FileRecordReader,Public Class,9,0,9,3,2,12,1,11,1,1,86,48,0.56,10,10,31,27,0,0,52,46,8,6,145,5,1,3,9,74,54,1,0,8,45,67,21,No
hsqldb,org.hsqldb.cmdline.sqltool.SqlFileScanner,SqlFileScanner,Public Class,42,1,15,3,5,19,2,109,9,29,783,206,0.26,11,11,167,154,0,0,580,380,33,24,1079,128,1,5,42,93,91,16,0,26,411,504,194,Yes
hsqldb,org.hsqldb.cmdline.sqltool.Token,Token,Public Class,10,0,7,1,3,8,1,13,0,11,91,19,0.21,5,5,34,29,0,0,61,40,10,6,123,13,1,2,10,77,62,0,0,10,46,68,33,Yes
hsqldb,org.hsqldb.cmdline.sqltool.TokenList,TokenList,Public Class,4,0,3,1,1,4,2,2,0,1,16,5,0.31,1,1,6,6,0,0,6,6,4,0,23,2,2,1,4,0,0,0,0,4,6,12,5,Yes
hsqldb,org.hsqldb.cmdline.SqltoolRB,SqltoolRB,Public Enum Type,19,0,3,0,1,3,2,4,0,1,282,12,0.04,3,3,239,19,0,0,25,20,19,217,298,2,1,0,19,50,37.5,0,0,19,21,38,18,No
hsqldb,org.hsqldb.cmdline.SqlTool,SqlTool,Public Class,4,18,133,23,37,171,1,86,4,16,582,131,0.23,26,26,95,88,0,0,446,320,0,0,787,133,1,6,4,0,0,2,0,2,249,396,148,No
hsqldb,org.hsqldb.cmdline.SqlTool.BadCmdline,BadCmdline,Private Static Class,1,0,2,1,1,3,1,0,0,1,5,2,0.4,0,0,3,3,1,0,1,0,1,0,7,1,2,0,1,0,0,0,0,0,1,3,1,No
hsqldb,org.hsqldb.cmdline.SqlTool.PrivateException,PrivateException,Private Static Class,1,0,3,0,1,3,1,2,0,1,6,8,1.33,1,1,3,3,1,0,2,1,1,0,16,1,2,0,1,0,0,0,0,0,2,4,1,No
hsqldb,org.hsqldb.cmdline.SqlTool.SqlToolException,SqlToolException,Public Static Class,3,0,4,0,1,4,1,1,0,1,15,0,0,1,1,6,6,3,0,6,5,3,1,16,1,2,0,3,33,0,0,0,0,7,11,3,No
hsqldb,org.hsqldb.cmdline.sqltool.Calculator.Atom,Atom,Private Class,4,0,5,2,3,7,1,0,0,0,24,9,0.38,5,5,7,7,0,0,14,15,4,2,33,6,1,2,4,25,25,3,0,1,12,22,10,No
hsqldb,org.hsqldb.cmdline.sqltool.Calculator.MathOp,MathOp,Private Enum Type,5,0,1,0,1,1,1,0,1,0,19,0,0,1,1,14,6,1,0,5,6,4,9,19,3,1,2,5,50,37.5,0,0,4,6,12,5,No
hsqldb,org.hsqldb.cmdline.libclone.RefCapableRBInterface,RefCapableRBInterface,Unknown Class,13,2,8,0,2,13,1,30,0,0,90.5,11,0.1,8,8,25,22,0,0,55,44,7,2,148.5,5,2,2,8,50,37.5,0,0,5,42,63,19,No
hsqldb,org.hsqldb.cmdline.libclone.ValidatingResourceBundle,ValidatingResourceBundle,Unknown Class,13,2,8,0,2,13,1,30,0,0,90.5,11,0.1,8,8,25,22,0,0,55,44,7,2,148.5,5,2,2,8,50,37.5,0,0,5,42,63,19,No
hsqldb,org.hsqldb.cmdline.SqlToolSprayer,SqlToolSprayer,Public Class,1,19,80,6,19,105,1,21,1,2,95,24,0.25,7,7,26,19,0,0,68,48,0,0,140,19,1,3,1,0,0,0,0,1,41,58,19,No
hsqldb,org.hsqldb.ColumnBase,ColumnBase,Public Class,22,0,4,0,1,5,1,33,0,0,110,7,0.06,8,8,35,34,1,1,48,46,22,10,150,6,1,2,22,84,84,0,2,19,51,79,29,Yes
hsqldb,org.hsqldb.HsqlNameManager.HsqlName,HsqlName,Public Static Final Class,23,2,9,1,2,12,1,59,3,2,164,21,0.13,11,11,38,37,6,0,99,86,14,8,244,8,2,3,17,90,80,3,0,8,77,115,40,Yes
hsqldb,org.hsqldb.HsqlNameManager,HsqlNameManager,Public Final Class,23,2,7,1,1,9,1,146,8,3,361,62,0.17,8,8,110,93,0,0,208,177,15,5,567,4,1,3,23,92,90,0,0,23,168,246,31,Yes
hsqldb,org.hsqldb.ColumnSchema,ColumnSchema,Public Class,69,1,5,1,2,7,2,99,0,1,271,48,0.18,24,24,71,68,8,0,144,115,47,10,418,11,2,5,47,90,87,1,0,38,109,176,79,Yes
hsqldb,org.hsqldb.HsqlNameManager.SimpleName,SimpleName,Public Static Class,6,1,4,0,1,4,1,10,0,0,26,0,0,2,2,9,9,0,1,10,8,6,2,36,2,1,1,6,42,42,2,0,4,9,17,8,Yes
hsqldb,org.hsqldb.RangeGroup.RangeGroupSimple,RangeGroupSimple,Class,6,1,5,0,1,6,2,12,0,0,38,0,0,2,2,11,11,0,0,18,18,6,4,50,3,1,1,6,33,33,0,0,6,20,29,8,No
hsqldb,org.hsqldb.lib.OrderedHashSet,OrderedHashSet,Public Generic Class,89,2,7,0,2,9,3,66,2,0,145,10,0.07,5,5,34,36,0,0,77,79,20,0,221,4,3,3,22,0,0,1,0,21,65,108,42,Yes
hsqldb,org.hsqldb.rights.Grantee,Grantee,Public Class,66,3,11,2,3,17,2,308,0,0,762,201,0.26,24,24,178,171,15,1,494,434,66,12,1270,19,1,5,66,90,75,7,0,44,353,536,191,Yes
hsqldb,org.hsqldb.types.Types,Types,Public Class,7,4,18,2,9,24,1,96,7,132,371,355,0.96,9,9,209,143,0,0,300,80,0,0,807,34,1,2,7,0,0,1,0,6,200,221,65,Yes
hsqldb,org.hsqldb.Expression,Expression,Public Class,99,4,14,1,4,19,2,494,8,9,1424,165,0.12,60,60,258,278,54,20,923,745,91,26,2083,32,1,6,99,95,92,0,1,44,631,967,417,No
hsqldb,org.hsqldb.NumberSequence,NumberSequence,Public Final Class,50,2,9,1,2,12,2,170,1,1,486,42,0.09,15,15,85,84,21,0,324,271,49,12,698,8,1,3,50,84,77,2,0,27,259,348,113,Yes
hsqldb,org.hsqldb.Table,Table,Public Class,219,3,12,2,3,17,2,763,1,1,2148,315,0.15,72,72,474,518,61,2,1414,1206,177,30,3206,25,2,4,178,97,93,1,1,115,1084,1585,561,Yes
hsqldb,org.hsqldb.Tokens,Tokens,Public Class,7,1,4,0,1,5,1,45,7,1896,2772,37,0.01,5,5,1932,1908,1,0,2730,826,0,0,2849,2,1,1,7,0,0,0,0,6,2718,2729,9,Yes
hsqldb,org.hsqldb.types.UserTypeModifier,UserTypeModifier,Public Class,19,2,7,0,2,9,1,52,0,0,144,8,0.06,15,15,34,40,0,0,82,78,19,6,204,8,1,3,19,76,75,1,0,18,73,111,37,No
hsqldb,org.hsqldb.ExpressionColumnAccessor,ExpressionColumnAccessor,Public Class,122,0,4,0,1,4,1,32,0,0,86,16,0.19,14,14,31,25,13,0,30,30,23,1,134,4,2,1,23,61,61,0,1,9,27,55,27,No
hsqldb,org.hsqldb.map.BaseHashMap,BaseHashMap,Public Class,46,7,25,2,7,34,1,475,0,9,1409,132,0.09,15,15,256,252,4,17,968,817,46,33,2015,40,1,5,46,82,69,3,35,4,681,1037,322,No
hsqldb,org.hsqldb.lib.HashSet,HashSet,Public Generic Class,67,2,7,2,2,11,2,66,0,0,148,55,0.37,8,8,40,42,0,1,82,76,21,0,269,3,2,2,21,0,0,0,0,21,67,109,41,Yes
hsqldb,org.hsqldb.Constraint,Constraint,Public Final Class,65,3,10,2,3,15,2,254,1,1,715,143,0.2,42,42,162,147,19,0,468,353,64,11,1112,12,1,4,65,85,83,4,0,42,325,462,169,Yes
hsqldb,org.hsqldb.Constraint.ConstraintCore,ConstraintCore,Static Class,1,3,17,0,1,20,1,7,0,0,36,18,0.5,4,4,20,20,1,0,16,15,1,17,61,1,1,0,1,24,24,0,0,0,32,34,1,No
hsqldb,org.hsqldb.lib.ArrayUtil,ArrayUtil,Public Final Class,92,4,12,7,3,22,1,420,92,10,1083,655,0.6,4,4,244,283,1,0,655,592,0,0,2158,9,1,4,92,0,0,0,0,91,566,857,307,Yes
hsqldb,org.hsqldb.RangeVariable,RangeVariable,Public Class,58,4,13,1,3,17,1,546,2,6,1615,78,0.05,39,39,330,329,3,1,1016,848,56,33,2237,16,1,4,58,94,92,4,2,49,741,1113,188,No
hsqldb,org.hsqldb.QuerySpecification,QuerySpecification,Public Class,152,7,23,1,6,31,1,713,1,0,2013,109,0.05,64,64,354,427,33,0,1381,1240,84,39,2829,64,2,8,85,91,87,23,0,29,1075,1554,489,No
hsqldb,org.hsqldb.TableWorks,TableWorks,Public Class,35,9,30,3,5,43,1,363,0,0,1071,127,0.12,46,46,243,210,30,0,820,646,35,4,1561,19,1,5,35,34,29,2,0,3,553,728,184,No
hsqldb,org.hsqldb.ParserDQL,ParserDQL,Public Class,231,12,32,1,7,44,1,2287,0,0,5710,162,0.03,94,94,905,826,135,1,4330,3402,170,3,8158,138,2,5,170,79,16,32,3,0,2842,3858,1262,No
hsqldb,org.hsqldb.TableBase,TableBase,Public Class,41,2,7,1,2,10,2,112,1,19,329,83,0.25,17,17,130,120,6,1,183,138,40,27,516,18,1,3,41,96,92,1,0,34,174,244,72,Yes
hsqldb,org.hsqldb.SessionContext,SessionContext,Public Class,28,2,7,0,2,10,1,90,0,0,242,22,0.09,35,35,72,72,4,0,146,129,28,31,354,4,1,3,28,91,78,2,0,22,146,192,45,No
hsqldb,org.hsqldb.SessionData,SessionData,Public Class,25,5,17,1,4,23,1,164,0,0,436,28,0.06,43,43,101,95,8,0,301,236,25,8,628,13,1,5,25,82,80,4,0,13,190,285,98,No
hsqldb,org.hsqldb.ParserDQL.CompileContext,CompileContext,Public Static Final Class,35,3,9,0,2,12,1,148,0,0,345,5,0.01,29,29,95,92,3,0,197,200,35,19,498,11,1,3,35,89,85,13,0,19,171,259,87,Yes
hsqldb,org.hsqldb.ParserBase,ParserBase,Public Class,61,3,11,0,3,14,1,279,1,2,702,28,0.04,30,30,141,133,57,1,461,380,60,9,1009,14,1,3,61,85,74,0,0,4,324,484,169,No
hsqldb,org.hsqldb.navigator.RowSetNavigator,RowSetNavigator,Public Abstract Class,40,1,5,0,1,6,2,75,0,0,162,42,0.26,7,7,51,51,1,2,71,69,40,8,279,7,1,1,40,88,83,0,0,39,73,119,45,Yes
hsqldb,org.hsqldb.Database.CheckpointRunner,CheckpointRunner,Class,3,3,10,1,2,14,2,13,0,0,35,2,0.06,9,9,9,8,0,0,21,16,3,2,50,3,1,2,3,17,17,0,0,3,14,22,6,No
hsqldb,org.hsqldb.Database.TimeoutRunner,TimeoutRunner,Static Class,4,4,11,1,3,15,2,19,0,0,50,10,0.2,5,5,12,12,0,0,27,25,4,3,79,5,1,3,4,33,33,1,0,3,20,34,10,No
hsqldb,org.hsqldb.Session.TimeoutManager,TimeoutManager,Class,4,3,9,0,2,11,1,14,0,0,39,0,0,4,4,9,9,2,0,21,18,4,3,53,4,1,1,4,42,42,0,0,2,17,27,9,No
hsqldb,org.hsqldb.dbinfo.DatabaseInformation,DatabaseInformation,Public Class,7,1,5,6,1,12,1,23,2,107,261,176,0.67,9,9,229,122,3,1,235,19,5,2,352,4,1,2,7,86,79,0,0,4,127,140,10,No
hsqldb,org.hsqldb.lib.HsqlArrayList,HsqlArrayList,Public Generic Class,34,3,10,4,3,17,2,95,0,2,216,114,0.53,9,9,46,40,0,1,125,109,22,3,425,6,2,3,22,62,42,2,0,20,94,148,57,Yes
hsqldb,org.hsqldb.lib.HsqlTimer,HsqlTimer,Public Final Class,25,2,8,9,2,19,3,135,9,1,330,459,1.39,10,10,92,80,4,0,181,149,16,5,921,9,1,5,25,88,69,0,0,21,133,219,62,Yes
hsqldb,org.hsqldb.lib.OrderedHashMap,OrderedHashMap,Public Generic Class,75,3,7,2,2,11,1,53,0,0,94,31,0.33,4,4,20,20,0,0,53,50,14,0,178,5,3,1,14,0,0,1,0,13,42,68,25,Yes
hsqldb,org.hsqldb.persist.HsqlDatabaseProperties,HsqlDatabaseProperties,Public Class,62,5,15,1,4,22,1,191,8,135,726,77,0.11,23,23,234,223,2,0,577,327,16,1,993,12,2,3,24,96,95,0,0,22,411,509,89,Yes
hsqldb,org.hsqldb.persist.LobManager,LobManager,Public Class,65,7,23,1,4,31,1,573,0,21,1596,53,0.03,57,57,509,439,0,0,1162,859,65,34,2221,15,1,5,65,92,72,30,0,35,846,1126,263,No
hsqldb,org.hsqldb.persist.Logger,Logger,Public Class,75,4,22,2,4,28,2,415,1,19,1707,176,0.1,71,71,239,199,3,0,1329,944,74,46,2296,63,1,4,75,95,93,3,0,69,855,1099,310,No
hsqldb,org.hsqldb.persist.PersistentStoreCollectionDatabase,PersistentStoreCollectionDatabase,Public Class,7,3,9,0,2,12,2,29,0,0,66,5,0.08,11,11,25,21,0,0,37,37,7,3,100,5,1,2,7,57,57,0,0,7,30,46,15,No
hsqldb,org.hsqldb.rights.GranteeManager,GranteeManager,Public Class,41,4,11,3,3,18,1,211,6,2,509,165,0.32,33,33,118,116,5,0,321,291,35,10,885,10,1,3,41,93,88,1,0,35,241,356,120,Yes
hsqldb,org.hsqldb.rights.User,User,Public Class,79,2,8,3,2,13,1,44,1,0,109,49,0.45,11,11,29,26,1,0,68,63,12,4,202,3,2,1,13,85,85,0,0,12,60,81,20,Yes
hsqldb,org.hsqldb.rights.UserManager,UserManager,Public Final Class,17,4,13,6,3,23,1,93,0,0,227,120,0.53,25,25,61,59,0,0,145,136,17,4,440,11,1,2,17,69,62,0,0,17,120,171,51,No
hsqldb,org.hsqldb.types.Collation,Collation,Public Class,35,2,8,0,2,10,2,111,8,7,398,21,0.05,21,21,84,76,0,0,285,251,27,9,530,8,1,2,35,85,75,3,0,32,245,308,65,Yes
hsqldb,org.hsqldb.DatabaseType,DatabaseType,Public Enum Type,7,1,5,0,2,5,1,10,2,0,39,0,0,3,3,10,7,1,0,18,15,5,4,49,4,1,1,7,50,37.5,0,0,6,12,22,11,No
hsqldb,org.hsqldb.SchemaManager,SchemaManager,Public Class,96,6,20,1,4,27,1,713,0,0,1913,116,0.06,60,60,429,414,5,0,1369,1144,96,14,2742,25,1,4,96,89,83,10,0,81,925,1309,403,No
hsqldb,org.hsqldb.SessionManager,SessionManager,Public Class,18,2,7,3,1,12,1,62,0,0,133,74,0.56,14,14,49,47,4,0,83,71,18,4,269,3,1,2,18,65,63,0,0,14,70,97,26,No
hsqldb,org.hsqldb.TransactionManager2PL,TransactionManager2PL,Public Class,52,3,8,1,2,12,2,84,0,0,194,23,0.12,18,18,42,38,0,0,118,108,23,0,301,6,2,3,23,0,0,1,0,22,91,137,41,No
hsqldb,org.hsqldb.SqlInvariants,SqlInvariants,Public Final Class,4,2,7,0,2,9,1,19,4,30,89,17,0.19,6,6,36,35,0,0,63,24,0,0,125,3,1,1,4,0,0,0,0,4,50,59,8,Yes
hsqldb,org.hsqldb.Statement,Statement,Public Abstract Class,42,1,4,1,1,5,1,81,0,5,194,49,0.25,22,22,72,73,4,8,90,62,42,20,324,8,1,2,42,96,96,0,0,38,86,135,55,No
hsqldb,org.hsqldb.ParserCommand,ParserCommand,Public Class,426,18,50,1,9,68,1,776,1,0,2052,38,0.02,52,52,320,263,8,0,1666,1165,40,0,2862,56,7,4,41,0,0,32,0,1,1119,1336,376,No
hsqldb,org.hsqldb.lib.HashMap,HashMap,Public Generic Class,61,2,6,0,2,8,2,62,0,0,147,14,0.1,9,9,46,46,0,1,61,59,15,3,223,3,2,2,15,93,93,0,0,15,52,99,26,Yes
hsqldb,org.hsqldb.lib.IntKeyHashMap,IntKeyHashMap,Public Generic Class,65,2,6,0,2,7,2,71,0,0,162,7,0.04,10,10,52,52,0,1,71,69,19,3,240,3,2,2,19,95,93,0,0,19,59,110,33,Yes
hsqldb,org.hsqldb.lib.IntValueHashMap,IntValueHashMap,Public Generic Class,62,3,7,0,2,10,1,77,0,0,171,9,0.05,12,12,54,54,0,0,81,79,16,3,257,3,2,2,16,94,92,0,0,16,66,118,33,Yes
hsqldb,org.hsqldb.dbinfo.DatabaseInformationFull,DatabaseInformationFull,Final Class,127,17,65,31,8,111,1,1566,0,2,5564,2744,0.49,76,76,1479,1396,84,0,4735,3272,86,0,9730,84,3,6,86,0,0,1,1,0,3836,4384,706,No
hsqldb,org.hsqldb.ExpressionColumn,ExpressionColumn,Public Class,148,5,19,1,6,25,1,317,1,7,954,55,0.06,39,39,140,138,35,0,660,519,48,9,1326,36,2,6,49,82,78,2,1,11,426,623,270,No
hsqldb,org.hsqldb.PeriodDefinition,PeriodDefinition,Public Class,14,0,3,0,1,3,2,16,0,0,50,7,0.14,6,6,21,20,1,0,15,15,14,5,73,1,1,0,14,86,86,0,0,13,20,35,14,No
hsqldb,org.hsqldb.ReferenceObject,ReferenceObject,Public Class,12,1,4,0,1,4,2,19,0,0,46,7,0.15,8,8,17,17,0,0,19,19,12,2,72,1,1,0,12,58,58,0,0,12,21,34,12,No
hsqldb,org.hsqldb.Routine,Routine,Public Class,81,3,12,0,3,15,4,326,5,9,1022,36,0.04,48,48,239,237,10,0,679,558,76,33,1384,29,1,6,81,94,89,2,0,69,513,731,228,Yes
hsqldb,org.hsqldb.RoutineSchema,RoutineSchema,Public Class,19,3,12,0,3,15,2,86,0,1,228,12,0.05,16,16,49,53,0,0,143,134,19,3,326,24,1,5,19,75,74,0,0,19,110,173,63,Yes
hsqldb,org.hsqldb.Schema,Schema,Public Final Class,24,5,16,0,4,21,2,150,1,2,412,14,0.03,26,26,85,77,7,0,305,216,23,20,576,23,1,3,24,81,75,0,0,17,222,270,106,Yes
hsqldb,org.hsqldb.SchemaObjectSet,SchemaObjectSet,Public Class,17,8,28,0,12,36,1,151,5,0,479,10,0.02,25,25,71,64,13,0,362,201,12,2,640,42,1,6,17,44,44,0,0,4,163,234,200,No
hsqldb,org.hsqldb.TextTable,TextTable,Public Class,238,3,11,2,2,17,1,87,0,0,213,57,0.27,23,23,57,46,4,0,141,116,19,3,357,8,3,2,19,72,58,4,0,11,100,144,46,No
hsqldb,org.hsqldb.TriggerDef,TriggerDef,Public Class,43,2,9,2,2,12,3,137,2,11,423,111,0.26,26,26,101,93,6,1,258,190,41,25,660,11,1,3,43,93,90,0,0,37,193,279,97,No
hsqldb,org.hsqldb.View,View,Public Class,269,2,8,1,2,11,1,66,0,0,158,28,0.18,19,19,36,35,3,0,96,79,19,8,252,8,4,2,19,85,84,0,0,16,77,109,39,No
hsqldb,org.hsqldb.lib.LineGroupReader,LineGroupReader,Public Class,13,3,10,2,3,15,1,57,4,3,145,32,0.22,13,13,43,44,0,0,91,79,9,7,233,8,1,3,13,81,33,2,0,11,76,111,33,No
hsqldb,org.hsqldb.lib.WrapperIterator,WrapperIterator,Public Generic Class,10,2,8,4,2,14,2,33,0,1,90,56,0.62,1,1,18,18,0,0,49,46,10,6,179,9,1,3,10,68,67,0,0,10,40,64,24,Yes
hsqldb,org.hsqldb.persist.DataFileCache,DataFileCache,Public Class,63,4,14,1,3,19,1,358,0,1,929,84,0.09,40,40,167,163,10,2,647,522,63,29,1362,25,1,5,63,90,84,8,9,36,474,656,168,No
hsqldb,org.hsqldb.persist.DirectoryBlockCachedObject,DirectoryBlockCachedObject,Public Class,39,1,5,0,1,6,1,36,0,1,98,6,0.06,3,3,27,35,0,0,47,52,19,4,140,5,2,1,19,66,61,0,0,19,59,87,27,No
hsqldb,org.hsqldb.persist.HsqlProperties.PropertyMeta,PropertyMeta,Public Static Class,0,0,0,0,0,0,1,1,0,0,10,0,0,1,1,9,9,0,0,0,0,0,8,11,0,1,0,0,0,0,0,0,0,8,9,0,Yes
hsqldb,org.hsqldb.persist.TextCache,TextCache,Public Class,87,3,11,1,2,15,1,90,0,0,267,49,0.18,29,29,47,42,2,0,184,140,24,5,406,5,2,3,24,82,78,2,4,16,123,173,47,No
hsqldb,org.hsqldb.persist.TextFileSettings,TextFileSettings,Public Class,8,7,25,4,5,36,1,68,2,7,233,42,0.18,7,7,49,46,6,0,179,137,6,21,343,16,1,3,8,83,82,2,0,0,135,174,40,No
hsqldb,org.hsqldb.rights.Right,Right,Public Final Class,38,5,19,1,6,25,1,242,5,5,747,50,0.07,18,18,97,91,21,0,508,441,33,25,1037,29,1,3,38,78,75,3,0,14,336,518,215,Yes
hsqldb,org.hsqldb.types.Charset,Charset,Public Class,15,1,6,0,2,8,2,51,3,14,169,27,0.16,11,11,43,42,0,0,101,72,12,3,245,5,1,3,15,76,76,1,0,14,82,109,26,Yes
hsqldb,org.hsqldb.types.IntervalType,IntervalType,Public Final Class,184,5,21,0,7,26,1,409,12,1,1319,35,0.03,29,29,204,167,4,0,1007,591,52,2,1763,39,3,4,64,96,83,3,0,57,496,727,452,Yes
hsqldb,org.hsqldb.types.NumberType,NumberType,Public Final Class,169,7,23,1,8,30,1,489,14,27,1479,87,0.06,30,30,211,194,2,0,1108,692,50,1,2047,44,2,4,64,91,84,2,0,60,539,804,522,Yes
hsqldb,org.hsqldb.types.TimestampData,TimestampData,Public Class,11,1,5,0,1,6,1,23,1,0,59,7,0.12,0,0,18,18,0,0,29,23,10,3,89,4,1,2,11,39,30,0,0,11,26,41,15,No
hsqldb,org.hsqldb.dbinfo.DatabaseInformationMain,DatabaseInformationMain,Class,41,14,56,36,7,103,1,525,0,9,1945,1302,0.67,52,52,585,554,23,1,1584,1120,34,1,3659,22,2,6,34,66,56,1,7,3,1429,1597,222,Yes
hsqldb,org.hsqldb.types.DateTimeType,DateTimeType,Public Final Class,221,6,19,2,5,27,1,685,37,6,1899,249,0.13,43,43,375,322,8,0,1399,945,64,2,2833,43,3,5,101,93,88,1,0,92,838,1159,496,Yes
hsqldb,org.hsqldb.lib.CountUpDownLatch,CountUpDownLatch,Public Class,14,0,3,13,1,16,1,53,0,0,148,256,1.73,5,5,39,37,0,0,76,58,14,1,457,2,1,1,14,29,21,0,0,14,55,90,15,No
hsqldb,org.hsqldb.TypeInvariants,TypeInvariants,Public Class,0,0,0,0,0,0,1,9,0,7,48,11,0.23,9,9,10,9,0,0,36,21,0,0,68,0,1,0,0,0,0,0,0,0,29,30,0,Yes
hsqldb,org.hsqldb.dbinfo.DITableInfo,DITableInfo,Final Class,12,2,7,7,2,15,1,38,0,2,93,93,1,11,11,25,25,12,0,59,30,12,8,224,8,1,2,12,83,81,0,0,0,37,55,27,No
hsqldb,org.hsqldb.lib.ArrayListIdentity,ArrayListIdentity,Public Generic Class,35,1,4,0,1,5,1,2,0,0,6,8,1.33,1,1,2,2,0,0,2,2,1,0,16,1,3,0,1,0,0,0,0,1,2,4,1,No
hsqldb,org.hsqldb.lib.OrderedIntHashSet,OrderedIntHashSet,Public Class,78,2,6,0,2,8,1,36,0,0,71,9,0.13,3,3,19,19,0,0,37,37,12,0,116,4,3,2,12,0,0,1,0,11,34,53,19,Yes
hsqldb,org.hsqldb.navigator.RowSetNavigatorData,RowSetNavigatorData,Public Class,91,3,9,0,2,12,2,213,0,1,487,28,0.06,18,18,121,117,9,1,295,257,51,14,727,5,2,3,51,91,86,2,0,40,236,350,103,No
hsqldb,org.hsqldb.result.ResultMetaData,ResultMetaData,Public Final Class,31,3,12,0,3,15,1,144,12,8,382,14,0.04,13,13,90,98,6,0,250,237,19,9,539,16,1,3,31,76,65,5,0,20,234,308,83,Yes
hsqldb,org.hsqldb.types.ArrayType,ArrayType,Public Class,140,3,10,0,3,13,1,153,0,2,360,7,0.02,18,18,79,84,0,0,227,202,35,2,520,9,2,2,35,51,49,0,0,35,174,271,98,Yes
hsqldb,org.hsqldb.types.CharacterType,CharacterType,Public Class,157,4,15,1,5,21,1,289,5,5,817,57,0.07,30,30,129,112,1,1,564,414,47,3,1162,26,2,4,52,91,83,1,0,50,316,496,239,Yes
hsqldb,org.hsqldb.types.NullType,NullType,Public Final Class,122,0,3,0,1,3,1,18,1,1,55,7,0.13,8,8,20,19,0,0,18,18,16,0,80,1,2,0,17,0,0,1,0,16,18,36,17,No
hsqldb,org.hsqldb.types.RowType,RowType,Public Class,134,4,12,0,3,15,1,139,1,0,342,8,0.02,12,12,69,79,1,0,208,202,28,2,489,11,2,4,29,69,66,0,0,28,169,267,97,Yes
hsqldb,org.hsqldb.TableDerived,TableDerived,Public Class,250,3,9,0,3,12,1,120,0,1,295,11,0.04,31,31,64,57,4,1,181,147,31,8,426,9,3,2,31,85,81,1,0,26,126,195,82,No
hsqldb,org.hsqldb.Row,Row,Public Class,37,1,3,1,1,4,2,58,0,0,132,25,0.19,11,11,52,49,1,1,54,49,37,4,215,3,1,1,37,88,86,0,0,36,48,93,44,Yes
hsqldb,org.hsqldb.FunctionSQL,FunctionSQL,Public Class,114,25,98,10,25,130,1,390,1,63,1610,192,0.12,30,30,172,159,3,1,1300,778,14,6,2144,132,2,4,15,86,80,0,2,10,702,903,373,Yes
hsqldb,org.hsqldb.QueryExpression,QueryExpression,Public Class,67,3,11,0,3,15,2,299,0,8,827,38,0.05,48,48,220,208,18,1,530,444,67,42,1164,16,1,4,67,95,90,2,0,47,439,600,173,No
hsqldb,org.hsqldb.ExpressionBoolean,ExpressionBoolean,Public Class,107,1,4,0,1,5,1,5,0,0,10,0,0,2,2,4,4,1,0,3,3,2,1,15,1,3,0,2,0,0,0,0,1,4,7,2,No
hsqldb,org.hsqldb.lib.IntHashSet,IntHashSet,Public Class,66,2,6,0,2,8,1,62,0,0,128,7,0.05,8,8,37,38,0,1,70,67,20,0,197,3,2,2,20,0,0,0,0,20,55,91,36,No
hsqldb,org.hsqldb.ExpressionLogical,ExpressionLogical,Public Class,147,11,38,1,12,49,1,554,3,0,1810,75,0.04,35,35,173,169,26,2,1399,942,45,2,2439,63,2,5,48,96,95,14,1,7,716,1051,569,No
hsqldb,org.hsqldb.FunctionSQLInvoked,FunctionSQLInvoked,Public Class,117,3,11,0,3,14,1,77,0,0,201,8,0.04,22,22,49,48,3,0,127,103,18,3,285,14,2,3,18,67,59,1,0,14,93,143,51,No
hsqldb,org.hsqldb.RangeVariableResolver,RangeVariableResolver,Public Class,23,15,46,1,11,62,1,375,2,0,1086,44,0.04,32,32,224,230,16,0,771,679,21,27,1505,38,1,5,23,83,74,7,0,0,575,811,252,No
hsqldb,org.hsqldb.ExpressionArithmetic,ExpressionArithmetic,Public Class,109,14,51,1,15,65,1,146,0,0,511,13,0.03,15,15,32,28,4,0,397,277,10,0,670,60,2,7,10,0,0,1,1,4,190,296,153,No
hsqldb,org.hsqldb.ExpressionAccessor,ExpressionAccessor,Public Class,107,5,13,0,3,18,1,46,0,0,108,10,0.09,11,11,20,20,1,0,69,67,8,0,164,7,2,2,8,0,0,0,1,6,52,80,27,No
hsqldb,org.hsqldb.ExpressionAggregate,ExpressionAggregate,Public Class,114,6,20,1,7,26,1,98,1,0,302,20,0.07,21,21,35,28,4,0,236,154,14,0,420,47,2,3,15,0,0,0,1,10,131,175,102,No
hsqldb,org.hsqldb.types.DTIType,DTIType,Public Abstract Class,120,7,20,1,8,28,1,111,6,25,343,17,0.05,12,12,89,54,3,2,257,137,9,4,471,29,2,3,15,73,73,0,2,10,149,188,100,Yes
hsqldb,org.hsqldb.SetFunctionValueAggregate,SetFunctionValueAggregate,Public Class,13,11,38,1,12,49,2,167,0,1,517,33,0.06,25,25,70,61,1,0,393,242,13,23,714,56,1,4,13,76,69,7,0,5,217,286,157,No
hsqldb,org.hsqldb.ExpressionOp,ExpressionOp,Public Class,113,15,49,2,12,66,1,224,2,1,685,37,0.05,23,23,87,73,7,0,527,392,12,0,946,54,2,5,14,0,0,0,1,6,320,436,163,No
hsqldb,org.hsqldb.ExpressionArrayAggregate,ExpressionArrayAggregate,Public Class,113,7,20,0,4,26,1,109,0,0,284,8,0.03,23,23,56,50,2,0,199,158,14,7,400,12,2,3,14,80,80,0,1,11,145,195,60,No
hsqldb,org.hsqldb.SortAndSlice,SortAndSlice,Public Final Class,20,4,16,0,4,20,1,109,0,2,345,4,0.01,23,23,74,76,3,0,223,198,20,21,456,17,1,4,20,84,80,0,0,17,171,255,83,No
hsqldb,org.hsqldb.SetFunctionValueArray,SetFunctionValueArray,Public Class,5,0,3,0,1,3,2,6,0,0,17,7,0.41,2,2,8,8,0,0,6,5,5,1,30,1,1,0,5,20,20,0,0,5,6,12,5,No
hsqldb,org.hsqldb.ExpressionValue,ExpressionValue,Public Class,105,3,8,1,2,11,1,21,0,0,47,11,0.23,10,10,8,9,1,1,28,23,6,0,79,3,2,2,6,0,0,0,1,4,19,31,12,No
hsqldb,org.hsqldb.GroupSet,GroupSet,Public Class,10,7,20,0,4,28,1,83,6,0,208,14,0.07,12,12,58,57,0,0,152,129,4,4,304,8,1,6,10,83,83,6,0,4,109,150,42,No
hsqldb,org.hsqldb.ExpressionJSON.ExpressionJSONArrayAgg,ExpressionJSONArrayAgg,Class,104,1,6,0,2,8,1,12,0,0,36,0,0,10,10,12,11,0,0,19,16,5,2,48,3,2,1,5,70,70,0,0,5,17,25,8,No
hsqldb,org.hsqldb.ExpressionJSON.ExpressionJSONArrayFromQuery,ExpressionJSONArrayFromQuery,Class,104,1,6,0,1,7,1,12,0,0,32,0,0,8,8,12,10,0,0,15,14,5,2,44,2,2,1,5,80,80,0,0,5,15,22,7,No
hsqldb,org.hsqldb.ExpressionJSON.ExpressionJSONArrayFromValues,ExpressionJSONArrayFromValues,Class,104,3,9,0,2,12,1,19,0,0,50,0,0,9,9,13,13,0,0,28,27,5,2,69,5,2,2,5,80,80,0,0,5,26,38,12,No
hsqldb,org.hsqldb.ExpressionJSON.ExpressionJSONObject,ExpressionJSONObject,Class,104,4,13,0,3,18,1,27,0,0,72,0,0,13,13,19,20,0,0,45,43,5,3,99,8,2,3,5,67,67,0,0,5,41,57,16,No
hsqldb,org.hsqldb.ExpressionJSON.ExpressionJSONObjectAgg,ExpressionJSONObjectAgg,Class,104,4,15,0,3,19,1,26,0,0,84,0,0,12,12,25,24,0,0,53,47,5,5,110,10,2,3,5,68,68,0,0,5,46,63,17,No
hsqldb,org.hsqldb.ExpressionJSON.ExpressionJSONWrapper,ExpressionJSONWrapper,Class,104,1,3,0,1,4,1,9,0,0,19,0,0,3,3,6,6,0,0,7,7,5,0,28,1,2,0,5,0,0,0,0,5,7,13,5,No
hsqldb,org.hsqldb.lib.StringConverter,StringConverter,Public Class,26,7,20,6,5,33,1,218,26,1,536,168,0.31,10,10,118,123,2,0,382,332,0,0,917,11,1,3,26,0,0,1,0,23,313,424,121,Yes
hsqldb,org.hsqldb.ExpressionLike,ExpressionLike,Public Final Class,155,9,29,1,7,39,1,83,0,1,236,14,0.06,17,17,43,35,1,0,176,141,8,1,333,38,3,4,8,13,13,1,1,5,112,160,55,No
hsqldb,org.hsqldb.types.BinaryData,BinaryData,Public Class,32,1,5,0,2,7,2,74,2,4,187,17,0.09,12,12,57,49,1,0,92,82,30,5,278,3,1,2,32,83,78,0,0,31,74,125,51,Yes
hsqldb,org.hsqldb.Like,Like,Class,15,5,18,0,5,23,2,90,0,4,293,14,0.05,16,16,50,49,11,0,196,161,15,11,394,27,1,4,15,76,73,2,0,2,137,203,74,No
hsqldb,org.hsqldb.ExpressionTable,ExpressionTable,Public Class,110,4,14,0,4,19,1,59,0,0,160,10,0.06,22,22,31,36,2,0,104,89,11,2,229,12,2,3,11,68,64,2,1,6,75,115,40,No
hsqldb,org.hsqldb.types.BinaryType,BinaryType,Public Class,140,4,15,0,5,20,1,179,1,1,536,50,0.09,20,20,83,72,2,3,370,267,34,0,764,23,2,5,35,0,0,0,1,32,199,316,168,Yes
hsqldb,org.hsqldb.ExpressionOrderBy,ExpressionOrderBy,Public Class,108,2,7,1,2,10,1,27,0,0,65,19,0.29,11,11,14,15,5,0,36,34,9,2,111,4,2,2,9,67,67,0,1,3,30,47,16,No
hsqldb,org.hsqldb.ExpressionPeriod,ExpressionPeriod,Public Class,110,2,8,2,2,12,1,37,0,0,90,26,0.29,14,14,27,25,9,0,51,42,11,2,153,7,2,4,11,64,64,0,0,2,38,60,21,No
hsqldb,org.hsqldb.ExpressionPeriodOp,ExpressionPeriodOp,Public Class,161,5,18,2,4,24,1,82,2,0,251,33,0.13,18,18,49,42,9,0,179,118,12,4,366,15,3,4,14,79,70,2,0,3,106,150,49,No
hsqldb,org.hsqldb.FunctionCustom,FunctionCustom,Public Class,131,48,196,3,67,247,1,836,10,129,3660,65,0.02,62,62,398,386,2,0,3000,1818,7,3,4561,395,3,6,17,86,86,8,0,7,1586,2081,1134,No
hsqldb,org.hsqldb.lib.IntKeyIntValueHashMap,IntKeyIntValueHashMap,Public Class,67,2,7,0,2,9,2,87,0,0,191,7,0.04,11,11,61,61,0,0,95,91,21,3,285,4,2,2,21,95,94,0,0,21,76,132,41,Yes
hsqldb,org.hsqldb.lib.java.JavaSystem,JavaSystem,Public Final Class,5,3,13,1,4,17,1,27,5,4,83,13,0.16,13,13,22,19,0,0,60,45,0,0,123,14,1,2,5,60,60,0,0,5,37,52,19,Yes
hsqldb,org.hsqldb.map.BitMap,BitMap,Public Class,42,4,12,1,3,17,1,212,20,0,492,55,0.11,4,4,140,143,0,0,334,248,22,4,759,9,1,3,42,79,67,2,0,40,284,389,125,No
hsqldb,org.hsqldb.persist.Crypto,Crypto,Public Class,7,4,26,0,7,30,1,36,1,0,188,6,0.03,23,23,27,20,0,0,139,88,6,6,230,17,1,3,7,45,45,0,0,7,72,102,52,No
hsqldb,org.hsqldb.types.IntervalMonthData,IntervalMonthData,Public Class,10,1,5,0,2,6,1,20,3,0,52,7,0.13,8,8,15,13,0,0,23,22,7,1,79,3,1,1,10,40,10,0,0,10,18,34,15,No
hsqldb,org.hsqldb.types.IntervalSecondData,IntervalSecondData,Public Class,14,1,7,0,2,9,1,35,5,1,103,11,0.11,7,7,28,22,0,0,59,51,9,2,149,6,1,2,14,50,14,0,0,14,45,71,25,No
hsqldb,org.hsqldb.types.TimeData,TimeData,Public Class,9,1,5,0,2,6,1,19,0,0,53,7,0.13,0,0,14,14,0,0,25,21,9,3,79,4,1,2,9,48,37,0,0,9,20,35,15,No
hsqldb,org.hsqldb.SetFunctionValueUser,SetFunctionValueUser,Public Class,5,0,2,0,1,2,2,6,0,0,12,7,0.58,0,0,7,7,0,0,3,2,5,1,25,1,1,0,5,60,60,0,0,5,3,9,5,No
hsqldb,org.hsqldb.lib.BaseList,BaseList,Abstract Generic Class,12,3,9,0,2,11,1,55,0,0,110,8,0.07,6,6,32,36,0,2,61,63,12,2,172,3,1,2,12,69,69,0,0,12,60,89,18,No
hsqldb,org.hsqldb.HsqlDateTime.SystemTimeString,SystemTimeString,Public Static Class,2,2,5,0,1,7,1,6,0,0,15,3,0.2,6,6,6,5,0,0,8,6,2,2,24,1,1,0,2,25,25,0,0,2,6,9,2,No
hsqldb,org.hsqldb.HsqlDateTime.Tokenizer,Tokenizer,Static Class,12,1,6,3,1,10,1,25,0,1,83,44,0.53,2,2,28,28,0,0,41,34,12,10,152,5,1,4,12,81,77,2,0,10,45,62,17,No
hsqldb,org.hsqldb.index.Index.IndexUse,IndexUse,Class,1,0,4,0,1,4,1,2,0,0,8,0,0,1,1,4,4,0,0,2,2,1,2,10,1,1,0,1,0,0,0,0,1,4,6,1,No
hsqldb,org.hsqldb.RangeVariable.RangeVariableConditions,RangeVariableConditions,Public Static Class,12,6,28,1,6,35,1,89,0,0,354,8,0.02,13,13,48,51,7,0,249,186,12,17,451,18,1,4,12,64,64,5,0,0,162,228,76,No
hsqldb,org.hsqldb.index.IndexAVL,IndexAVL,Public Class,65,5,17,3,4,25,2,425,0,0,1222,196,0.16,28,28,259,219,15,1,830,675,65,19,1841,29,1,5,65,93,90,1,0,49,581,833,253,No
hsqldb,org.hsqldb.index.IndexAVL.IndexRowIterator,IndexRowIterator,Public Static Final Class,9,2,9,0,2,11,2,30,0,0,90,3,0.03,6,6,23,20,0,0,50,41,9,8,123,7,1,4,9,68,58,1,0,8,40,60,18,No
hsqldb,org.hsqldb.RowAVL,RowAVL,Public Class,47,3,6,2,2,11,1,36,0,0,67,31,0.46,3,3,22,22,1,2,38,32,10,1,134,2,2,1,10,40,20,0,1,8,34,51,16,No
hsqldb,org.hsqldb.index.NodeAVL,NodeAVL,Public Class,44,0,3,0,1,3,2,61,0,1,145,18,0.12,8,8,52,52,12,2,54,50,44,6,223,3,1,2,44,91,89,0,1,31,52,102,50,No
hsqldb,org.hsqldb.index.IndexAVLCheck,IndexAVLCheck,Public Class,4,6,20,0,5,26,1,131,4,0,364,34,0.09,14,14,98,94,0,0,243,204,0,0,528,8,1,4,4,0,0,0,0,4,190,263,20,No
hsqldb,org.hsqldb.index.IndexAVLCheck.IndexAVLProbe,IndexAVLProbe,Public Static Class,15,6,17,1,4,24,1,101,0,1,282,27,0.1,18,18,77,72,5,0,192,155,15,18,409,20,1,5,15,82,77,1,0,9,148,200,57,No
hsqldb,org.hsqldb.lib.OrderedLongHashSet,OrderedLongHashSet,Public Class,61,2,6,0,2,8,1,46,0,0,91,9,0.1,5,5,27,27,0,0,47,44,15,0,146,4,2,2,15,0,0,1,0,14,44,68,25,No
hsqldb,org.hsqldb.persist.RowStoreAVL,RowStoreAVL,Public Abstract Class,59,3,11,1,3,14,2,196,0,0,503,27,0.05,33,33,154,147,4,4,311,265,59,17,726,16,1,5,59,95,93,0,0,55,262,376,115,No
hsqldb,org.hsqldb.index.IndexStats,IndexStats,Public Class,4,4,15,0,2,18,1,21,1,8,76,10,0.13,11,11,38,31,0,0,44,13,3,8,106,4,1,1,4,75,75,0,0,4,34,42,7,No
hsqldb,org.hsqldb.index.NodeAVLDisk,NodeAVLDisk,Public Class,90,2,6,0,2,7,1,122,1,1,260,17,0.07,13,13,77,77,14,0,151,133,45,4,398,4,2,2,46,81,72,3,0,29,122,189,73,No
hsqldb,org.hsqldb.index.IndexAVLMemory,IndexAVLMemory,Public Class,70,16,42,5,9,63,1,86,0,0,210,34,0.16,5,5,40,32,4,0,168,126,5,0,330,21,2,4,5,0,0,0,0,1,122,154,43,No
hsqldb,org.hsqldb.RowAVLDisk,RowAVLDisk,Public Class,74,1,5,2,1,8,1,62,0,1,133,71,0.53,9,9,42,44,2,2,65,60,27,7,266,4,3,2,27,88,88,1,0,24,66,102,35,No
hsqldb,org.hsqldb.index.NodeAVLDiskLarge,NodeAVLDiskLarge,Public Class,86,2,6,0,2,8,1,123,1,1,257,7,0.03,13,13,78,78,11,0,154,137,41,4,386,5,2,2,42,83,71,3,0,28,125,190,68,No
hsqldb,org.hsqldb.jdbc.JDBCArray,JDBCArray,Public Class,17,3,7,18,2,27,2,62,0,0,133,342,2.57,15,15,43,37,1,0,73,67,17,6,537,3,1,1,17,74,45,2,0,14,71,98,26,No
hsqldb,org.hsqldb.jdbc.JDBCClobClient,JDBCClobClient,Public Class,22,4,11,8,2,23,2,107,1,0,261,178,0.68,14,14,43,51,2,0,157,128,21,7,546,5,1,2,22,75,59,2,0,18,108,175,44,No
hsqldb,org.hsqldb.jdbc.JDBCUtil,JDBCUtil,Public Final Class,22,0,5,4,1,9,1,31,22,0,104,664,6.38,16,16,27,25,4,0,54,40,0,0,798,9,1,2,22,0,0,0,0,18,32,63,30,No
hsqldb,org.hsqldb.jdbc.JDBCResultSet,JDBCResultSet,Public Class,219,2,8,23,2,32,2,662,2,0,1784,5235,2.93,76,76,495,394,3,1,1031,866,217,23,7681,48,1,3,219,96,74,12,5,199,781,1173,446,No
hsqldb,org.hsqldb.jdbc.JDBCBlob,JDBCBlob,Public Class,18,4,11,21,2,35,2,85,0,3,199,449,2.26,7,7,59,56,0,0,131,97,18,3,733,6,1,1,18,81,31,2,4,12,99,144,44,No
hsqldb,org.hsqldb.jdbc.JDBCBlob.setBinaryStream.(Anon_1),(Anon_1),Anonymous Class,1,5,17,0,3,22,1,7,0,0,19,0,0,4,4,2,4,0,0,16,9,1,1,26,3,2,1,1,0,0,0,0,1,10,13,3,No
hsqldb,org.hsqldb.lib.KMPSearchAlgorithm,KMPSearchAlgorithm,Public Class,8,12,34,12,8,58,1,100,8,0,274,152,0.55,5,5,55,49,0,0,198,153,0,0,526,10,1,3,8,0,0,0,0,8,134,199,66,No
hsqldb,org.hsqldb.jdbc.JDBCBlobClient,JDBCBlobClient,Public Class,19,2,8,7,2,17,2,61,1,0,162,145,0.9,11,11,38,31,1,0,87,80,18,7,368,6,1,3,19,75,62,2,0,16,67,108,40,No
hsqldb,org.hsqldb.types.BlobInputStream,BlobInputStream,Public Class,8,3,8,0,2,11,1,30,1,0,77,8,0.1,7,7,22,21,1,0,41,36,7,8,115,4,2,2,8,64,55,2,0,5,38,56,17,No
hsqldb,org.hsqldb.jdbc.JDBCPreparedStatement,JDBCPreparedStatement,Public Class,143,3,11,19,3,34,2,584,0,0,1529,2689,1.76,79,79,356,275,12,1,976,788,132,17,4800,60,2,4,132,95,77,6,4,110,680,1010,382,No
hsqldb,org.hsqldb.jdbc.JDBCBlobFile,JDBCBlobFile,Public Class,28,2,12,13,3,27,2,127,5,3,449,397,0.88,26,26,99,83,0,0,276,215,23,4,971,7,1,2,28,82,56,9,1,18,172,282,89,No
hsqldb,org.hsqldb.jdbc.JDBCBlobFile.InputStreamAdapter,InputStreamAdapter,Static Class,7,1,7,1,2,9,1,17,0,0,53,5,0.09,10,10,18,14,1,2,26,23,7,1,75,6,2,2,7,0,0,0,0,6,20,34,12,No
hsqldb,org.hsqldb.jdbc.JDBCBlobFile.OutputStreamAdapter,OutputStreamAdapter,Protected Static Class,7,1,6,0,2,7,1,12,0,0,46,0,0,8,8,15,10,0,2,19,17,7,1,58,3,2,2,7,0,0,0,2,5,14,27,11,No
hsqldb,org.hsqldb.jdbc.JDBCBlobFile.getBinaryStream.(Anon_2),(Anon_2),Anonymous Class,8,0,11,0,2,11,1,1,0,0,13,0,0,2,2,0,2,0,0,10,6,1,1,14,2,3,1,1,0,0,0,0,1,5,8,2,No
hsqldb,org.hsqldb.jdbc.JDBCBlobFile.setBinaryStream.(Anon_1),(Anon_1),Anonymous Class,8,0,11,0,2,11,1,0,0,0,13,0,0,2,2,0,2,0,0,10,6,1,1,13,2,3,1,1,0,0,0,0,1,5,8,2,No
hsqldb,org.hsqldb.lib.CountdownInputStream,CountdownInputStream,Public Final Class,9,2,7,0,2,9,1,27,0,0,68,16,0.24,2,2,17,16,0,0,35,32,9,2,111,5,2,1,9,22,22,0,0,9,25,45,20,No
hsqldb,org.hsqldb.lib.InOutUtil,InOutUtil,Public Final Class,10,3,10,10,2,22,1,43,9,2,101,103,1.02,11,11,40,27,0,0,56,40,1,0,247,4,1,2,10,0,0,1,0,9,42,60,19,No
hsqldb,org.hsqldb.jdbc.JDBCCallableStatement,JDBCCallableStatement,Public Class,277,1,7,28,2,36,2,309,0,0,944,3910,4.14,56,56,320,203,2,0,486,369,134,2,5159,47,3,3,134,98,51,4,1,127,344,542,255,No
hsqldb,org.hsqldb.types.JavaObjectData,JavaObjectData,Public Class,9,0,4,2,1,6,1,12,0,0,36,47,1.31,6,6,11,11,1,1,14,12,9,1,95,2,1,1,9,44,44,0,0,8,11,23,11,No
hsqldb,org.hsqldb.types.BinaryUUIDType,BinaryUUIDType,Public Class,177,2,9,0,3,12,1,131,3,1,339,23,0.07,16,16,72,63,2,0,205,169,34,0,493,12,3,3,37,0,0,0,1,34,127,216,106,No
hsqldb,org.hsqldb.jdbc.JDBCClob,JDBCClob,Public Class,20,5,14,26,3,46,2,132,0,2,294,582,1.98,14,14,72,68,1,1,196,164,20,3,1007,9,1,2,20,83,30,1,3,15,148,212,60,No
hsqldb,org.hsqldb.jdbc.JDBCClob.setAsciiStream.(Anon_1),(Anon_1),Anonymous Class,1,6,17,0,3,23,1,8,0,0,19,0,0,5,5,4,5,0,0,16,9,1,1,27,3,2,1,1,0,0,0,0,1,10,13,3,No
hsqldb,org.hsqldb.jdbc.JDBCClob.setCharacterStream.(Anon_2),(Anon_2),Anonymous Class,1,4,15,0,3,19,1,6,0,0,17,0,0,5,5,1,3,0,0,14,9,1,1,23,3,2,1,1,0,0,0,0,1,8,11,3,No
hsqldb,org.hsqldb.jdbc.JDBCClobClient.getAsciiStream.(Anon_1),(Anon_1),Anonymous Class,3,4,11,0,4,16,1,17,0,0,36,0,0,7,7,3,8,0,0,27,21,3,1,53,7,2,2,3,0,0,0,0,3,16,26,12,No
hsqldb,org.hsqldb.jdbc.JDBCClobClient.setAsciiStream.(Anon_2),(Anon_2),Anonymous Class,3,2,7,0,2,9,1,10,0,0,24,0,0,5,5,1,6,0,0,17,13,3,1,34,5,2,1,3,0,0,0,0,3,11,18,7,No
hsqldb,org.hsqldb.jdbc.JDBCClobClient.setCharacterStream.(Anon_3),(Anon_3),Anonymous Class,4,1,4,0,1,6,1,9,0,0,20,1,0.05,4,4,0,6,0,0,15,6,4,2,30,2,2,1,4,63,50,1,0,3,7,12,5,No
hsqldb,org.hsqldb.types.ClobInputStream,ClobInputStream,Public Final Class,9,3,9,0,2,12,1,36,1,0,90,8,0.09,7,7,23,23,1,0,49,45,8,8,134,4,2,2,9,67,51,2,0,6,45,67,21,No
hsqldb,org.hsqldb.jdbc.JDBCClobFile,JDBCClobFile,Public Class,36,4,16,11,4,30,2,223,7,3,744,429,0.58,40,40,161,136,0,0,508,378,29,9,1393,10,1,3,36,90,70,9,5,22,331,482,142,No
hsqldb,org.hsqldb.jdbc.JDBCClobFile.ReaderAdapter,ReaderAdapter,Protected Class,4,7,27,1,6,35,1,35,0,1,114,6,0.05,13,13,36,25,0,1,82,60,4,5,154,12,2,2,4,45,45,0,1,3,58,76,23,No
hsqldb,org.hsqldb.jdbc.JDBCClobFile.WriterAdapter,WriterAdapter,Protected Class,4,3,11,0,2,14,1,15,0,0,48,0,0,11,11,16,11,0,1,26,19,4,1,63,5,2,2,4,0,0,0,1,3,19,29,8,No
hsqldb,org.hsqldb.jdbc.JDBCClobFile.getAsciiStream.(Anon_1),(Anon_1),Anonymous Class,8,3,11,0,2,14,1,5,0,0,13,0,0,3,3,0,2,0,0,10,6,1,1,18,2,3,1,1,0,0,0,0,1,5,8,2,No
hsqldb,org.hsqldb.jdbc.JDBCClobFile.getCharacterStream.(Anon_4),(Anon_4),Anonymous Class,5,1,7,0,1,8,1,2,0,0,8,0,0,3,3,0,1,0,0,6,3,1,0,10,1,3,1,1,0,0,0,0,1,2,4,1,No
hsqldb,org.hsqldb.jdbc.JDBCClobFile.setAsciiStream.(Anon_2),(Anon_2),Anonymous Class,8,1,7,0,1,8,1,2,0,0,8,0,0,3,3,0,1,0,0,6,3,1,0,10,1,3,1,1,0,0,0,0,1,2,4,1,No
hsqldb,org.hsqldb.jdbc.JDBCClobFile.setCharacterStream.(Anon_3),(Anon_3),Anonymous Class,5,1,7,0,1,8,1,2,0,0,8,0,0,3,3,0,1,0,0,6,3,1,0,10,1,3,1,1,0,0,0,0,1,2,4,1,No
hsqldb,org.hsqldb.jdbc.JDBCColumnMetaData,JDBCColumnMetaData,Public Final Class,2,6,14,5,3,25,1,32,0,0,49,44,0.9,4,4,26,27,0,0,18,17,2,19,125,3,1,2,2,100,100,1,0,1,38,44,5,No
hsqldb,org.hsqldb.jdbc.JDBCCommonDataSource,JDBCCommonDataSource,Public Abstract Class,21,0,4,8,1,12,3,43,0,0,93,197,2.12,7,7,34,32,0,3,43,31,21,10,333,5,1,1,21,88,88,0,0,21,37,62,25,No
hsqldb,org.hsqldb.jdbc.JDBCConnection.isValid.(Anon_1),(Anon_1),Anonymous Class,1,1,7,0,2,8,1,2,0,0,8,0,0,2,2,1,1,0,0,6,3,1,0,10,2,2,1,1,0,0,0,0,1,2,4,2,No
hsqldb,org.hsqldb.result.ResultProperties,ResultProperties,Public Class,15,0,5,0,2,5,1,21,15,8,86,3,0.03,1,1,37,29,0,0,51,15,0,0,110,4,1,0,15,0,0,0,0,15,28,44,31,Yes
hsqldb,org.hsqldb.jdbc.JDBCSavepoint,JDBCSavepoint,Public Class,5,2,7,3,2,12,2,15,0,0,39,43,1.1,4,4,9,9,2,0,19,19,5,3,97,3,1,1,5,33,33,0,0,3,17,28,10,No
hsqldb,org.hsqldb.jdbc.JDBCStatement,JDBCStatement,Public Class,64,2,7,27,2,36,3,157,0,1,362,1500,4.14,19,19,85,69,1,0,207,173,53,1,2019,7,2,2,53,96,96,1,0,51,148,233,87,No
hsqldb,org.hsqldb.jdbc.JDBCDatabaseMetaData,JDBCDatabaseMetaData,Public Class,193,1,5,23,1,29,3,415,2,13,1090,4655,4.27,22,22,371,276,5,0,591,398,191,5,6160,7,1,3,193,97,90,9,0,179,384,621,244,No
hsqldb,org.hsqldb.jdbc.JDBCNClob,JDBCNClob,Public Class,22,0,3,0,1,3,2,2,0,0,8,38,4.75,2,2,3,3,0,0,2,2,2,0,48,1,2,0,2,0,0,0,1,1,2,5,2,No
hsqldb,org.hsqldb.jdbc.JDBCSQLXML,JDBCSQLXML,Public Class,62,2,11,10,3,23,2,335,7,8,1029,1695,1.65,66,66,272,220,0,0,629,485,55,10,3057,12,1,2,62,97,85,0,50,12,456,659,172,No
hsqldb,org.hsqldb.types.BlobType,BlobType,Public Final Class,162,3,8,0,2,11,1,79,0,3,191,9,0.05,17,17,42,40,0,0,117,103,22,0,279,8,3,2,22,0,0,0,0,22,84,135,51,No
hsqldb,org.hsqldb.jdbc.JDBCStatementBase,JDBCStatementBase,Class,11,3,10,4,3,18,1,67,0,7,141,77,0.55,10,10,39,39,9,2,85,67,11,17,285,9,1,3,11,88,77,0,0,2,71,105,34,No
hsqldb,org.hsqldb.jdbc.JDBCDataSource,JDBCDataSource,Public Class,28,2,8,8,2,19,5,25,0,0,63,116,1.84,11,11,17,11,0,0,33,31,7,0,204,5,2,2,7,0,0,1,0,6,24,40,15,No
hsqldb,org.hsqldb.jdbc.JDBCDataSourceFactory,JDBCDataSourceFactory,Public Class,3,11,30,12,7,54,2,39,1,10,103,54,0.52,13,13,28,24,0,0,75,56,2,0,196,13,1,5,3,0,0,0,0,3,52,73,20,No
hsqldb,org.hsqldb.jdbc.JDBCDriver.EmptyDiverAction,EmptyDiverAction,Private Static Class,1,0,1,0,1,1,2,1,0,0,3,6,2,0,0,2,2,0,0,0,0,1,0,10,1,1,0,1,0,0,0,0,1,0,2,1,No
hsqldb,org.hsqldb.jdbc.JDBCDriver.getConnection.(Anon_1),(Anon_1),Anonymous Class,1,1,7,0,2,8,1,2,0,0,8,0,0,3,3,1,1,0,0,6,3,1,0,10,2,2,1,1,0,0,0,0,1,2,4,2,No
hsqldb,org.hsqldb.jdbc.JDBCParameterMetaData,JDBCParameterMetaData,Public Class,16,3,8,10,2,21,3,67,0,0,141,177,1.26,14,14,37,35,2,0,82,78,16,3,385,8,1,3,16,73,40,2,0,12,76,107,30,No
hsqldb,org.hsqldb.jdbc.JDBCPool,JDBCPool,Public Class,31,1,6,7,2,14,6,62,0,0,189,262,1.39,24,24,55,52,0,0,96,90,31,4,513,9,1,4,31,74,69,0,0,31,83,137,52,No
hsqldb,org.hsqldb.jdbc.pool.JDBCPooledConnection,JDBCPooledConnection,Public Class,12,2,6,2,2,10,3,39,0,0,82,38,0.46,9,9,26,23,0,1,40,38,12,4,159,4,1,2,12,65,54,0,0,12,33,56,22,No
hsqldb,org.hsqldb.jdbc.pool.JDBCPooledDataSource,JDBCPooledDataSource,Public Class,24,3,8,2,1,13,5,12,0,0,28,15,0.54,10,10,14,9,0,0,15,13,3,0,55,1,2,0,3,0,0,0,0,3,14,18,3,No
hsqldb,org.hsqldb.lib.CharArrayWriter,CharArrayWriter,Public Class,15,2,6,0,2,8,1,44,0,0,97,7,0.07,5,5,25,26,1,0,52,48,15,2,148,4,1,2,15,17,17,0,0,14,47,71,26,No
hsqldb,org.hsqldb.types.JavaObjectDataInternal,JavaObjectDataInternal,Public Class,15,1,6,3,2,10,1,13,0,0,36,31,0.86,6,6,9,9,0,0,18,15,6,1,80,3,2,2,6,17,17,0,0,6,11,23,11,No
hsqldb,org.hsqldb.jdbc.JDBCResultSetMetaData,JDBCResultSetMetaData,Public Class,29,3,7,20,2,30,2,110,0,0,212,644,3.04,15,15,56,53,3,0,131,121,29,4,966,4,1,2,29,75,41,2,0,24,115,158,46,No
hsqldb,org.hsqldb.jdbc.JDBCResultSet.JDBCResultSetBasic,JDBCResultSetBasic,Static Class,230,1,7,0,2,8,1,27,0,0,74,0,0,17,17,24,19,1,0,37,35,11,0,101,4,2,1,11,0,0,0,1,9,31,51,19,No
hsqldb,org.hsqldb.lib.StringInputStream,StringInputStream,Public Class,3,2,7,0,2,10,1,11,0,0,28,6,0.21,2,2,9,9,0,0,16,13,3,4,45,3,2,1,3,42,42,0,0,3,15,21,5,No
hsqldb,org.hsqldb.jdbc.JDBCRowId,JDBCRowId,Public Final Class,8,1,5,10,2,16,2,16,0,0,43,119,2.77,7,7,11,11,1,0,19,16,8,2,178,3,1,1,8,50,50,0,0,7,14,27,12,No
hsqldb,org.xml.sax.Attributes,Attributes,Unknown Class,13,2,8,0,2,13,1,30,0,0,90.5,11,0.1,8,8,25,22,0,0,55,44,7,2,148.5,5,2,2,8,50,37.5,0,0,5,42,63,19,No
hsqldb,org.xml.sax.ContentHandler,ContentHandler,Unknown Class,13,2,8,0,2,13,1,30,0,0,90.5,11,0.1,8,8,25,22,0,0,55,44,7,2,148.5,5,2,2,8,50,37.5,0,0,5,42,63,19,No
hsqldb,org.w3c.dom.DOMException,DOMException,Unknown Class,13,2,8,0,2,13,1,30,0,0,90.5,11,0.1,8,8,25,22,0,0,55,44,7,2,148.5,5,2,2,8,50,37.5,0,0,5,42,63,19,No
hsqldb,org.w3c.dom.DOMImplementation,DOMImplementation,Unknown Class,13,2,8,0,2,13,1,30,0,0,90.5,11,0.1,8,8,25,22,0,0,55,44,7,2,148.5,5,2,2,8,50,37.5,0,0,5,42,63,19,No
hsqldb,org.w3c.dom.bootstrap.DOMImplementationRegistry,DOMImplementationRegistry,Unknown Class,13,2,8,0,2,13,1,30,0,0,90.5,11,0.1,8,8,25,22,0,0,55,44,7,2,148.5,5,2,2,8,50,37.5,0,0,5,42,63,19,No
hsqldb,org.w3c.dom.Document,Document,Unknown Class,13,2,8,0,2,13,1,30,0,0,90.5,11,0.1,8,8,25,22,0,0,55,44,7,2,148.5,5,2,2,8,50,37.5,0,0,5,42,63,19,No
hsqldb,org.w3c.dom.DocumentType,DocumentType,Unknown Class,13,2,8,0,2,13,1,30,0,0,90.5,11,0.1,8,8,25,22,0,0,55,44,7,2,148.5,5,2,2,8,50,37.5,0,0,5,42,63,19,No
hsqldb,org.w3c.dom.Element,Element,Unknown Class,13,2,8,0,2,13,1,30,0,0,90.5,11,0.1,8,8,25,22,0,0,55,44,7,2,148.5,5,2,2,8,50,37.5,0,0,5,42,63,19,No
hsqldb,org.w3c.dom.EntityReference,EntityReference,Unknown Class,13,2,8,0,2,13,1,30,0,0,90.5,11,0.1,8,8,25,22,0,0,55,44,7,2,148.5,5,2,2,8,50,37.5,0,0,5,42,63,19,No
hsqldb,org.xml.sax.InputSource,InputSource,Unknown Class,13,2,8,0,2,13,1,30,0,0,90.5,11,0.1,8,8,25,22,0,0,55,44,7,2,148.5,5,2,2,8,50,37.5,0,0,5,42,63,19,No
hsqldb,org.hsqldb.jdbc.JDBCSQLXML.Exceptions,Exceptions,Protected Static Class,11,1,5,5,1,11,1,22,10,0,58,60,1.03,6,6,22,17,10,0,34,15,1,0,140,2,1,0,11,0,0,1,0,0,15,27,16,No
hsqldb,org.hsqldb.jdbc.JDBCSQLXML.SAX2DOMBuilder,SAX2DOMBuilder,Protected Static Class,22,1,6,16,1,23,3,52,0,0,133,378,2.84,13,13,47,40,0,0,63,60,22,5,562,6,1,3,22,86,65,0,5,17,63,93,29,No
hsqldb,org.hsqldb.jdbc.JDBCSQLXML.SAX2XMLStreamWriter,SAX2XMLStreamWriter,Public Static Class,19,2,7,18,2,27,3,56,0,0,154,356,2.31,11,11,44,34,0,0,80,70,19,4,565,5,1,2,19,74,57,0,2,17,63,99,34,No
hsqldb,org.hsqldb.jdbc.JDBCSQLXML.SAX2XMLStreamWriter.QualifiedName,QualifiedName,Protected Static Class,1,0,5,0,1,5,1,2,0,0,9,0,0,1,1,5,4,0,0,2,2,1,2,11,1,1,0,1,0,0,0,0,1,4,6,1,No
hsqldb,org.xml.sax.Locator,Locator,Unknown Class,13,2,8,0,2,13,1,30,0,0,90.5,11,0.1,8,8,25,22,0,0,55,44,7,2,148.5,5,2,2,8,50,37.5,0,0,5,42,63,19,No
hsqldb,org.w3c.dom.Node,Node,Unknown Class,13,2,8,0,2,13,1,30,0,0,90.5,11,0.1,8,8,25,22,0,0,55,44,7,2,148.5,5,2,2,8,50,37.5,0,0,5,42,63,19,No
hsqldb,org.w3c.dom.ProcessingInstruction,ProcessingInstruction,Unknown Class,13,2,8,0,2,13,1,30,0,0,90.5,11,0.1,8,8,25,22,0,0,55,44,7,2,148.5,5,2,2,8,50,37.5,0,0,5,42,63,19,No
hsqldb,org.xml.sax.SAXException,SAXException,Unknown Class,13,2,8,0,2,13,1,30,0,0,90.5,11,0.1,8,8,25,22,0,0,55,44,7,2,148.5,5,2,2,8,50,37.5,0,0,5,42,63,19,No
hsqldb,org.w3c.dom.Text,Text,Unknown Class,13,2,8,0,2,13,1,30,0,0,90.5,11,0.1,8,8,25,22,0,0,55,44,7,2,148.5,5,2,2,8,50,37.5,0,0,5,42,63,19,No
hsqldb,org.hsqldb.lib.ClosableByteArrayOutputStream,ClosableByteArrayOutputStream,Public Class,22,2,6,8,2,15,1,63,0,0,130,214,1.65,8,8,36,31,0,0,67,59,22,4,404,4,2,1,22,65,50,0,3,19,55,89,33,No
hsqldb,org.hsqldb.jdbc.pool.JDBCXAConnection,JDBCXAConnection,Public Class,16,2,5,2,2,8,2,11,0,0,23,23,1,7,7,6,6,0,0,10,10,4,1,57,3,2,1,4,25,25,0,0,4,9,16,6,No
hsqldb,org.hsqldb.jdbc.pool.JDBCXAResource,JDBCXAResource,Public Class,20,3,8,7,2,18,2,72,0,5,173,192,1.11,7,7,35,34,3,0,104,83,20,5,431,7,1,2,20,78,62,2,0,15,69,114,44,Yes
hsqldb,org.hsqldb.jdbc.pool.JDBCXADataSource,JDBCXADataSource,Public Class,29,3,9,6,2,18,5,32,0,0,77,65,0.84,18,18,22,19,2,0,47,40,8,2,174,3,2,3,8,50,50,0,0,6,34,51,12,No
hsqldb,org.hsqldb.jdbc.pool.JDBCXAConnectionWrapper,JDBCXAConnectionWrapper,Public Class,79,1,5,8,1,13,1,18,0,0,45,99,2.2,5,5,14,11,0,0,20,19,9,1,162,2,2,1,9,78,0,1,0,8,19,30,10,No
hsqldb,org.hsqldb.jdbc.pool.JDBCXID,JDBCXID,Public Class,10,3,10,2,2,15,2,42,3,3,107,64,0.6,6,6,30,33,0,0,71,57,7,5,213,5,1,2,10,74,66,2,0,8,65,85,19,No
hsqldb,org.hsqldb.jdbcDriver,jdbcDriver,Public Class,9,0,0,0,0,0,1,0,0,0,1,0,0,0,0,1,1,0,0,0,0,0,0,1,0,2,0,0,0,0,0,0,0,0,1,0,No
hsqldb,org.hsqldb.lib.AbstractReadOnlyCollection,AbstractReadOnlyCollection,Abstract Generic Class,10,0,3,0,1,3,2,11,0,0,32,0,0,1,1,11,11,0,36,10,10,10,0,43,1,1,0,10,0,0,0,0,10,10,21,10,No
hsqldb,org.hsqldb.lib.AppendableException,AppendableException,Public Class,6,2,6,0,2,7,1,16,0,2,39,8,0.21,5,5,12,13,0,0,20,18,6,1,63,5,2,2,6,67,67,0,0,6,15,28,11,No
hsqldb,org.hsqldb.lib.ArrayCounter,ArrayCounter,Public Final Class,3,6,18,18,5,42,1,20,3,0,57,61,1.07,0,0,19,16,1,0,35,27,0,0,138,7,1,3,3,0,0,0,0,2,30,41,14,No
hsqldb,org.hsqldb.lib.ArraySort,ArraySort,Public Final Class,8,4,14,2,3,20,1,43,8,0,112,23,0.21,1,1,31,25,1,0,67,58,0,0,177,9,1,3,8,0,0,3,0,4,58,82,27,No
hsqldb,org.hsqldb.lib.BaseList.BaseListIterator,BaseListIterator,Private Class,5,2,6,0,2,8,2,17,0,0,34,1,0.03,2,2,9,9,0,0,18,17,5,2,51,3,1,1,5,50,50,0,0,5,16,25,8,No
hsqldb,org.hsqldb.lib.BasicTextJdkLogFormatter,BasicTextJdkLogFormatter,Public Class,3,0,6,1,2,7,1,5,0,1,24,15,0.63,7,7,10,9,0,0,13,12,3,2,44,3,2,1,3,50,50,0,0,3,11,17,5,No
hsqldb,org.hsqldb.lib.ClosableCharArrayWriter,ClosableCharArrayWriter,Public Class,22,2,6,8,2,16,1,69,0,0,142,208,1.46,7,7,36,33,0,0,77,68,22,4,416,4,2,1,22,65,50,0,3,19,61,99,37,No
hsqldb,org.hsqldb.lib.CountUpDownLatch.Sync,Sync,Private Static Class,9,3,11,7,4,20,1,33,0,1,98,69,0.7,3,3,22,21,7,0,59,42,9,0,200,7,2,3,9,0,0,0,2,0,39,58,32,No
hsqldb,org.hsqldb.lib.ReaderInputStream,ReaderInputStream,Public Class,2,3,9,0,2,12,1,9,0,0,23,7,0.3,2,2,7,7,0,0,13,11,2,3,39,3,2,1,2,17,17,0,0,2,13,18,4,No
hsqldb,org.hsqldb.lib.DoubleIntIndex,DoubleIntIndex,Public Class,65,3,10,2,3,16,2,276,0,0,671,159,0.24,5,5,122,126,4,0,427,383,65,8,1104,9,1,3,65,72,41,9,6,46,318,492,181,Yes
hsqldb,org.hsqldb.lib.DoubleLongIndex,DoubleLongIndex,Public Final Class,34,3,10,2,3,15,2,154,0,0,348,70,0.2,5,5,79,83,0,0,222,198,34,6,570,9,1,3,34,69,47,14,0,20,186,270,89,No
hsqldb,org.hsqldb.lib.FileAccessRes,FileAccessRes,Public Class,9,1,6,0,2,8,2,21,0,0,60,7,0.12,10,10,21,14,0,0,27,22,9,0,88,5,1,3,9,0,0,0,0,9,17,34,16,No
hsqldb,org.hsqldb.lib.FileArchiver,FileArchiver,Public Class,3,12,41,0,9,54,1,42,3,4,130,24,0.18,16,16,25,20,0,0,96,64,0,0,196,14,1,4,3,0,0,0,0,3,57,82,28,No
hsqldb,org.hsqldb.lib.FileUtil.DatabaseFilenameFilter,DatabaseFilenameFilter,Static Class,6,3,12,1,4,16,2,26,0,0,82,7,0.09,5,5,20,22,2,0,48,43,6,6,115,13,1,5,6,67,50,0,0,4,38,61,23,Yes
hsqldb,org.hsqldb.lib.FileUtil.FileSync,FileSync,Public Static Class,2,0,3,0,1,3,2,3,0,0,9,0,0,3,3,4,4,1,0,2,2,2,1,12,1,1,0,2,0,0,0,0,1,3,6,2,Yes
hsqldb,org.hsqldb.lib.FilteredIterator,FilteredIterator,Public Generic Class,7,1,5,0,1,5,2,15,0,0,40,7,0.17,2,2,15,15,0,0,16,15,7,3,62,3,1,2,7,67,52,1,0,6,18,29,9,No
hsqldb,org.hsqldb.lib.HashMap.EntrySet,EntrySet,Private Class,13,0,3,0,1,3,2,3,0,0,11,0,0,4,4,4,4,0,0,3,3,3,0,14,1,2,0,3,0,0,0,0,3,3,7,3,No
hsqldb,org.hsqldb.lib.HashMap.EntrySetIterator,EntrySetIterator,Private Class,13,1,4,0,1,5,1,3,0,0,10,0,0,4,4,5,5,1,0,4,3,2,0,13,1,2,0,2,0,0,0,0,1,4,7,2,No
hsqldb,org.hsqldb.lib.HashMap.KeySet,KeySet,Private Generic Class,16,0,3,0,1,3,2,6,0,0,20,0,0,4,4,7,7,0,0,6,6,6,0,26,1,2,0,6,0,0,0,0,6,6,13,6,No
hsqldb,org.hsqldb.lib.HashMap.Values,Values,Private Generic Class,15,0,3,0,1,3,1,5,0,0,17,0,0,4,4,6,6,0,0,5,5,5,0,22,1,2,0,5,0,0,0,0,5,5,11,5,No
hsqldb,org.hsqldb.map.BaseHashMap.BaseHashIterator,BaseHashIterator,Protected Class,11,3,10,0,3,13,2,43,0,0,117,7,0.06,4,4,16,16,0,12,73,62,11,4,167,8,1,2,11,43,43,0,0,11,46,78,32,No
hsqldb,org.hsqldb.lib.MapEntry,MapEntry,Public Generic Class,6,0,5,0,2,5,2,6,0,0,32,7,0.22,1,1,13,12,1,0,15,11,6,2,45,2,1,1,6,17,17,0,0,5,13,21,9,No
hsqldb,org.hsqldb.lib.HsqlArrayHeap,HsqlArrayHeap,Public Generic Class,10,4,12,2,3,18,2,54,0,0,126,125,0.99,5,5,26,26,0,1,75,73,10,3,299,8,1,3,10,40,40,1,0,9,72,98,28,No
hsqldb,org.hsqldb.lib.HsqlByteArrayInputStream,HsqlByteArrayInputStream,Public Class,26,2,6,0,2,8,2,73,0,0,160,11,0.07,6,6,50,48,0,1,86,77,26,4,244,4,2,2,26,70,39,0,0,26,72,115,43,No
hsqldb,org.hsqldb.lib.HsqlConsoleHandler,HsqlConsoleHandler,Public Class,0,0,0,0,0,0,1,0,0,0,1,0,0,0,0,1,1,0,0,0,0,0,0,1,0,2,0,0,0,0,0,0,0,0,1,0,No
hsqldb,org.hsqldb.lib.HsqlDeque,HsqlDeque,Public Generic Class,54,2,7,0,2,9,2,141,0,1,308,21,0.07,7,7,63,65,0,0,184,166,42,3,468,7,2,2,42,69,29,2,0,40,141,225,83,No
hsqldb,org.hsqldb.lib.HsqlTaskQueue,HsqlTaskQueue,Public Class,9,1,6,0,2,7,1,34,0,1,86,16,0.19,6,6,19,19,0,0,46,42,9,4,136,2,1,1,9,58,53,0,1,8,30,58,14,No
hsqldb,org.hsqldb.lib.HsqlTaskQueue.(Anon_1),(Anon_1),Anonymous Class,1,0,1,0,1,1,1,0,0,0,2,0,0,0,0,1,1,0,0,2,0,1,0,2,1,2,0,1,0,0,0,0,1,0,1,1,No
hsqldb,org.hsqldb.lib.HsqlTaskQueue.TaskRunner,TaskRunner,Protected Class,1,6,24,0,4,30,2,7,0,0,26,0,0,2,2,3,3,0,0,16,14,1,0,33,4,1,3,1,0,0,0,0,1,9,17,4,No
hsqldb,org.hsqldb.lib.HsqlThreadFactory,HsqlThreadFactory,Class,5,1,4,6,1,11,2,9,0,0,23,46,2,2,2,8,8,0,0,9,7,5,1,78,2,1,0,5,40,0,0,0,5,9,15,7,No
hsqldb,org.hsqldb.lib.HsqlTimer.Task,Task,Protected Class,7,1,6,7,2,15,1,23,0,0,54,81,1.5,3,3,17,16,7,0,27,23,7,7,158,3,1,1,7,69,65,0,0,0,24,38,11,Yes
hsqldb,org.hsqldb.lib.HsqlTimer.TaskQueue,TaskQueue,Protected Static Class,18,1,5,10,1,16,1,17,0,0,44,86,1.95,3,3,12,12,8,0,19,19,8,0,147,2,2,1,8,0,0,0,0,0,18,31,11,Yes
hsqldb,org.hsqldb.lib.HsqlTimer.TaskRunner,TaskRunner,Protected Class,1,3,13,35,3,51,2,4,0,0,15,43,2.87,2,2,3,3,0,0,9,7,1,0,62,3,1,3,1,0,0,0,0,1,5,9,3,Yes
hsqldb,org.hsqldb.lib.InputStreamWrapper,InputStreamWrapper,Public Class,9,1,6,0,2,7,2,21,0,0,61,5,0.08,2,2,15,15,0,0,33,27,9,3,87,5,1,2,9,56,44,0,0,9,23,40,16,No
hsqldb,org.hsqldb.lib.IntIndex,IntIndex,Public Class,36,3,10,3,3,16,1,153,0,0,365,102,0.28,4,4,78,81,0,0,230,200,36,6,619,9,1,3,36,69,58,8,6,22,181,273,95,No
hsqldb,org.hsqldb.lib.IntKeyHashMap.EntrySet,EntrySet,Private Class,13,0,3,0,1,3,2,3,0,0,11,0,0,4,4,4,4,0,0,3,3,3,0,14,1,2,0,3,0,0,0,0,3,3,7,3,No
hsqldb,org.hsqldb.lib.IntKeyHashMap.EntrySetIterator,EntrySetIterator,Private Class,13,1,4,0,1,5,1,3,0,0,10,0,0,5,5,5,5,1,0,4,3,2,0,13,1,2,0,2,0,0,0,0,1,4,7,2,No
hsqldb,org.hsqldb.lib.IntKeyHashMap.KeySet,KeySet,Private Generic Class,13,0,3,0,1,3,2,3,0,0,11,0,0,4,4,4,4,0,0,3,3,3,0,14,1,2,0,3,0,0,0,0,3,3,7,3,No
hsqldb,org.hsqldb.lib.IntKeyHashMap.Values,Values,Private Generic Class,15,0,3,0,1,3,1,5,0,0,17,0,0,4,4,6,6,0,0,5,5,5,0,22,1,2,0,5,0,0,0,0,5,5,11,5,No
hsqldb,org.hsqldb.lib.IntKeyHashMapConcurrent,IntKeyHashMapConcurrent,Public Generic Class,66,2,8,0,2,10,2,84,0,0,216,10,0.05,15,15,58,58,0,0,114,102,20,6,310,3,2,3,20,88,86,0,0,20,85,145,33,No
hsqldb,org.hsqldb.lib.IntKeyHashMapConcurrent.EntrySet,EntrySet,Private Class,13,0,3,0,1,3,2,3,0,0,11,0,0,4,4,4,4,0,0,3,3,3,0,14,1,2,0,3,0,0,0,0,3,3,7,3,No
hsqldb,org.hsqldb.lib.IntKeyHashMapConcurrent.EntrySetIterator,EntrySetIterator,Private Class,13,1,4,0,1,5,1,3,0,0,10,0,0,5,5,5,5,1,0,4,3,2,0,13,1,2,0,2,0,0,0,0,1,4,7,2,No
hsqldb,org.hsqldb.lib.IntKeyHashMapConcurrent.KeySet,KeySet,Private Generic Class,13,0,3,0,1,3,2,3,0,0,11,0,0,4,4,4,4,0,0,3,3,3,0,14,1,2,0,3,0,0,0,0,3,3,7,3,No
hsqldb,org.hsqldb.lib.IntKeyHashMapConcurrent.Values,Values,Private Generic Class,15,0,3,0,1,3,1,5,0,0,18,0,0,4,4,7,7,0,0,6,6,5,0,23,1,2,0,5,0,0,0,0,5,6,12,5,No
hsqldb,org.hsqldb.lib.IntKeyIntValueHashMap.EntrySet,EntrySet,Private Class,13,0,3,0,1,3,2,3,0,0,11,0,0,4,4,4,4,0,0,3,3,3,0,14,1,2,0,3,0,0,0,0,3,3,7,3,No
hsqldb,org.hsqldb.lib.IntKeyIntValueHashMap.EntrySetIterator,EntrySetIterator,Private Class,13,1,4,0,1,5,1,3,0,0,10,0,0,4,4,5,5,1,0,4,3,2,0,13,1,2,0,2,0,0,0,0,1,4,7,2,No
hsqldb,org.hsqldb.lib.IntKeyIntValueHashMap.KeySet,KeySet,Private Generic Class,13,0,3,0,1,3,2,3,0,0,11,0,0,4,4,4,4,0,0,3,3,3,0,14,1,2,0,3,0,0,0,0,3,3,7,3,No
hsqldb,org.hsqldb.lib.IntKeyIntValueHashMap.Values,Values,Private Generic Class,13,0,3,0,1,3,1,3,0,0,11,0,0,4,4,4,4,0,0,3,3,3,0,14,1,2,0,3,0,0,0,0,3,3,7,3,No
hsqldb,org.hsqldb.lib.IntKeyLongValueHashMap,IntKeyLongValueHashMap,Public Class,67,2,7,0,2,9,2,88,0,0,192,7,0.04,13,13,62,61,0,0,95,91,21,3,287,4,2,2,21,95,95,0,0,21,76,132,41,No
hsqldb,org.hsqldb.lib.IntKeyLongValueHashMap.EntrySet,EntrySet,Private Class,13,0,3,0,1,3,2,3,0,0,11,0,0,4,4,4,4,0,0,3,3,3,0,14,1,2,0,3,0,0,0,0,3,3,7,3,No
hsqldb,org.hsqldb.lib.IntKeyLongValueHashMap.EntrySetIterator,EntrySetIterator,Private Class,13,1,4,0,1,5,1,3,0,0,10,0,0,5,5,5,5,1,0,4,3,2,0,13,1,2,0,2,0,0,0,0,1,4,7,2,No
hsqldb,org.hsqldb.lib.IntKeyLongValueHashMap.KeySet,KeySet,Private Class,13,0,3,0,1,3,2,3,0,0,11,0,0,4,4,4,4,0,0,3,3,3,0,14,1,2,0,3,0,0,0,0,3,3,7,3,No
hsqldb,org.hsqldb.lib.IntKeyLongValueHashMap.Values,Values,Private Class,13,0,3,0,1,3,1,3,0,0,11,0,0,4,4,4,4,0,0,3,3,3,0,14,1,2,0,3,0,0,0,0,3,3,7,3,No
hsqldb,org.hsqldb.lib.IntValueHashMap.EntrySet,EntrySet,Private Class,13,0,3,0,1,3,2,3,0,0,11,0,0,4,4,4,4,0,0,3,3,3,0,14,1,2,0,3,0,0,0,0,3,3,7,3,No
hsqldb,org.hsqldb.lib.IntValueHashMap.EntrySetIterator,EntrySetIterator,Private Class,13,1,4,0,1,5,1,3,0,0,10,0,0,5,5,5,5,1,0,4,3,2,0,13,1,2,0,2,0,0,0,0,1,4,7,2,No
hsqldb,org.hsqldb.lib.IntValueHashMap.KeySet,KeySet,Class,16,0,3,0,1,3,2,6,0,0,20,0,0,4,4,7,7,0,0,6,6,6,0,26,1,2,0,6,0,0,0,0,6,6,13,6,No
hsqldb,org.hsqldb.lib.IntValueHashMap.Values,Values,Class,13,0,3,0,1,3,1,3,0,0,11,0,0,4,4,4,4,0,0,3,3,3,0,14,1,2,0,3,0,0,0,0,3,3,7,3,No
hsqldb,org.hsqldb.lib.LineGroupReader.getGroupReader.(Anon_1),(Anon_1),Anonymous Class,1,0,3,0,1,3,1,1,0,0,4,0,0,2,2,0,1,0,0,3,1,1,0,5,1,2,0,1,0,0,0,0,1,1,2,1,No
hsqldb,org.hsqldb.lib.LineReader,LineReader,Public Class,3,5,15,0,3,20,1,20,0,0,53,14,0.26,5,5,12,12,0,0,34,27,3,6,87,8,1,3,3,56,56,0,0,3,26,36,10,No
hsqldb,org.hsqldb.lib.LongDeque,LongDeque,Public Class,23,3,9,0,2,12,1,99,0,1,205,11,0.05,3,3,40,46,0,0,126,116,23,4,313,7,1,2,23,43,24,2,0,21,104,160,55,Yes
hsqldb,org.hsqldb.lib.LongKeyHashMap,LongKeyHashMap,Public Generic Class,70,2,8,0,2,10,2,97,0,0,242,8,0.03,14,14,60,60,0,0,129,114,24,6,347,3,2,2,24,88,83,0,0,24,92,160,37,No
hsqldb,org.hsqldb.lib.LongKeyHashMap.EntrySet,EntrySet,Private Class,13,0,3,0,1,3,2,3,0,0,11,0,0,3,3,4,4,0,0,3,3,3,0,14,1,2,0,3,0,0,0,0,3,3,7,3,No
hsqldb,org.hsqldb.lib.LongKeyHashMap.EntrySetIterator,EntrySetIterator,Private Class,13,1,4,0,1,5,1,3,0,0,10,0,0,5,5,5,5,1,0,4,3,2,0,13,1,2,0,2,0,0,0,0,1,4,7,2,No
hsqldb,org.hsqldb.lib.LongKeyHashMap.KeySet,KeySet,Private Generic Class,13,0,3,0,1,3,2,3,0,0,11,0,0,3,3,4,4,0,0,3,3,3,0,14,1,2,0,3,0,0,0,0,3,3,7,3,No
hsqldb,org.hsqldb.lib.LongKeyHashMap.Values,Values,Private Generic Class,15,0,3,0,1,3,1,5,0,0,17,0,0,4,4,6,6,0,0,5,5,5,0,22,1,2,0,5,0,0,0,0,5,5,11,5,No
hsqldb,org.hsqldb.lib.LongKeyIntValueHashMap,LongKeyIntValueHashMap,Public Class,69,2,7,0,2,9,2,93,0,0,198,7,0.04,12,12,63,63,0,0,98,94,23,3,298,4,2,2,23,96,94,0,0,23,79,137,43,No
hsqldb,org.hsqldb.lib.LongKeyIntValueHashMap.EntrySet,EntrySet,Private Class,13,0,3,0,1,3,2,3,0,0,11,0,0,4,4,4,4,0,0,3,3,3,0,14,1,2,0,3,0,0,0,0,3,3,7,3,No
hsqldb,org.hsqldb.lib.LongKeyIntValueHashMap.EntrySetIterator,EntrySetIterator,Private Class,13,1,4,0,1,5,1,3,0,0,10,0,0,5,5,5,5,1,0,4,3,2,0,13,1,2,0,2,0,0,0,0,1,4,7,2,No
hsqldb,org.hsqldb.lib.LongKeyIntValueHashMap.KeySet,KeySet,Private Generic Class,13,0,3,0,1,3,2,3,0,0,11,0,0,4,4,4,4,0,0,3,3,3,0,14,1,2,0,3,0,0,0,0,3,3,7,3,No
hsqldb,org.hsqldb.lib.LongKeyIntValueHashMap.Values,Values,Private Generic Class,13,0,3,0,1,3,1,3,0,0,11,0,0,4,4,4,4,0,0,3,3,3,0,14,1,2,0,3,0,0,0,0,3,3,7,3,No
hsqldb,org.hsqldb.lib.LongKeyLongValueHashMap,LongKeyLongValueHashMap,Public Class,68,2,7,0,2,9,2,92,0,0,195,7,0.04,12,12,62,62,0,0,97,93,22,3,294,4,2,2,22,95,95,0,0,22,78,135,42,No
hsqldb,org.hsqldb.lib.LongKeyLongValueHashMap.EntrySet,EntrySet,Private Class,13,0,3,0,1,3,2,3,0,0,11,0,0,4,4,4,4,0,0,3,3,3,0,14,1,2,0,3,0,0,0,0,3,3,7,3,No
hsqldb,org.hsqldb.lib.LongKeyLongValueHashMap.EntrySetIterator,EntrySetIterator,Private Class,13,1,4,0,1,5,1,3,0,0,10,0,0,4,4,5,5,1,0,4,3,2,0,13,1,2,0,2,0,0,0,0,1,4,7,2,No
hsqldb,org.hsqldb.lib.LongKeyLongValueHashMap.KeySet,KeySet,Private Generic Class,13,0,3,0,1,3,2,3,0,0,11,0,0,4,4,4,4,0,0,3,3,3,0,14,1,2,0,3,0,0,0,0,3,3,7,3,No
hsqldb,org.hsqldb.lib.LongKeyLongValueHashMap.Values,Values,Private Generic Class,13,0,3,0,1,3,1,3,0,0,11,0,0,4,4,4,4,0,0,3,3,3,0,14,1,2,0,3,0,0,0,0,3,3,7,3,No
hsqldb,org.hsqldb.lib.LongValueHashMap,LongValueHashMap,Public Generic Class,60,3,7,0,2,10,1,70,0,0,156,9,0.06,11,11,47,47,0,0,72,70,14,3,235,3,2,2,14,93,90,0,0,14,59,107,29,No
hsqldb,org.hsqldb.lib.LongValueHashMap.EntrySet,EntrySet,Private Class,13,0,3,0,1,3,2,3,0,0,11,0,0,4,4,4,4,0,0,3,3,3,0,14,1,2,0,3,0,0,0,0,3,3,7,3,No
hsqldb,org.hsqldb.lib.LongValueHashMap.EntrySetIterator,EntrySetIterator,Private Class,13,1,4,0,1,5,1,3,0,0,10,0,0,5,5,5,5,1,0,4,3,2,0,13,1,2,0,2,0,0,0,0,1,4,7,2,No
hsqldb,org.hsqldb.lib.LongValueHashMap.KeySet,KeySet,Private Generic Class,16,0,3,0,1,3,2,6,0,0,20,0,0,4,4,7,7,0,0,6,6,6,0,26,1,2,0,6,0,0,0,0,6,6,13,6,No
hsqldb,org.hsqldb.lib.LongValueHashMap.Values,Values,Private Generic Class,13,0,3,0,1,3,1,3,0,0,11,0,0,4,4,4,4,0,0,3,3,3,0,14,1,2,0,3,0,0,0,0,3,3,7,3,No
hsqldb,org.hsqldb.lib.MultiValueHashMap,MultiValueHashMap,Public Generic Class,64,2,6,2,2,10,2,75,0,0,173,43,0.25,9,9,55,55,0,0,77,75,18,3,291,3,2,2,18,94,93,0,0,18,64,118,34,No
hsqldb,org.hsqldb.lib.MultiValueHashMap.EntrySet,EntrySet,Private Class,13,0,3,0,1,3,2,3,0,0,11,0,0,4,4,4,4,0,0,3,3,3,0,14,1,2,0,3,0,0,0,0,3,3,7,3,No
hsqldb,org.hsqldb.lib.MultiValueHashMap.EntrySetIterator,EntrySetIterator,Private Class,13,1,4,0,1,5,1,3,0,0,10,0,0,4,4,5,5,1,0,4,3,2,0,13,1,2,0,2,0,0,0,0,1,4,7,2,No
hsqldb,org.hsqldb.lib.MultiValueHashMap.KeySet,KeySet,Private Generic Class,16,0,3,0,1,3,2,6,0,0,20,0,0,4,4,7,7,0,0,6,6,6,0,26,1,2,0,6,0,0,0,0,6,6,13,6,No
hsqldb,org.hsqldb.lib.MultiValueHashMap.Values,Values,Private Generic Class,15,0,3,0,1,3,1,5,0,0,17,0,0,4,4,6,6,0,0,5,5,5,0,22,1,2,0,5,0,0,0,0,5,5,11,5,No
hsqldb,org.hsqldb.map.BaseHashMap.MultiValueKeyIterator,MultiValueKeyIterator,Protected Class,7,2,7,0,2,9,2,23,0,0,54,0,0,4,4,13,13,0,0,29,25,7,4,77,6,1,2,7,75,61,1,0,6,25,38,14,No
hsqldb,org.hsqldb.lib.ObjectComparator.DefaultComparator,DefaultComparator,Class,3,0,3,0,1,3,2,3,0,0,12,3,0.25,0,0,4,4,0,0,4,3,3,0,18,2,1,0,3,0,0,0,0,3,3,7,4,No
hsqldb,org.hsqldb.lib.ObjectComparator.IdentityComparator,IdentityComparator,Class,3,0,3,0,1,3,2,3,0,0,12,3,0.25,0,0,4,4,0,0,4,3,3,0,18,2,1,0,3,0,0,0,0,3,3,7,4,No
hsqldb,org.hsqldb.lib.OrderedIntKeyHashMap,OrderedIntKeyHashMap,Public Generic Class,77,2,6,0,2,8,2,39,0,0,69,9,0.13,3,3,17,17,0,0,37,34,12,0,117,4,3,1,12,0,0,1,0,11,31,50,18,No
hsqldb,org.hsqldb.lib.OrderedLongKeyHashMap,OrderedLongKeyHashMap,Public Generic Class,80,2,6,0,2,8,2,128,0,0,253,9,0.04,12,12,77,74,0,0,124,116,34,3,390,4,2,1,34,97,95,1,0,33,106,177,53,No
hsqldb,org.hsqldb.lib.OrderedLongKeyHashMap.EntrySet,EntrySet,Private Class,13,0,3,0,1,3,2,3,0,0,11,0,0,4,4,4,4,0,0,3,3,3,0,14,1,2,0,3,0,0,0,0,3,3,7,3,No
hsqldb,org.hsqldb.lib.OrderedLongKeyHashMap.EntrySetIterator,EntrySetIterator,Private Class,13,1,4,0,1,5,1,3,0,0,10,0,0,5,5,5,5,1,0,4,3,2,0,13,1,2,0,2,0,0,0,0,1,4,7,2,No
hsqldb,org.hsqldb.lib.OrderedLongKeyHashMap.KeySet,KeySet,Private Generic Class,13,0,3,0,1,3,2,3,0,0,11,0,0,4,4,4,4,0,0,3,3,3,0,14,1,2,0,3,0,0,0,0,3,3,7,3,No
hsqldb,org.hsqldb.lib.OrderedLongKeyHashMap.Values,Values,Private Generic Class,15,0,3,0,1,3,1,5,0,0,17,0,0,4,4,6,6,0,0,5,5,5,0,22,1,2,0,5,0,0,0,0,5,5,11,5,No
hsqldb,org.hsqldb.lib.ReadWriteLockDummy,ReadWriteLockDummy,Public Class,2,0,3,0,1,3,2,9,0,0,22,0,0,2,2,10,10,0,0,5,5,2,0,31,1,1,0,2,0,0,0,0,2,5,15,2,No
hsqldb,org.hsqldb.lib.ReadWriteLockDummy.LockDummy,LockDummy,Public Static Class,6,0,2,0,1,2,2,6,0,0,14,0,0,2,2,7,7,0,0,3,3,6,0,20,1,1,0,6,0,0,0,0,6,3,10,6,No
hsqldb,org.hsqldb.lib.RefCapablePropertyResourceBundle,RefCapablePropertyResourceBundle,Public Class,14,0,16,7,4,23,1,16,4,5,240,199,0.83,18,18,62,47,0,0,173,99,10,8,453,12,1,3,14,84,46,4,0,10,92,131,59,No
hsqldb,org.hsqldb.lib.SimpleLog,SimpleLog,Public Class,11,3,11,0,3,14,1,47,0,9,142,14,0.1,9,9,38,32,0,0,88,76,11,8,203,6,1,2,11,60,55,2,0,9,75,104,29,No
hsqldb,org.hsqldb.lib.StopWatch,StopWatch,Public Class,15,1,5,5,1,11,1,26,0,0,76,106,1.39,1,1,20,20,0,0,35,29,15,4,208,2,1,1,15,68,37,0,0,15,27,49,21,Yes
hsqldb,org.hsqldb.lib.StringComparator,StringComparator,Public Class,1,4,12,1,4,17,3,5,0,0,14,6,0.43,1,1,2,2,0,0,7,7,1,0,25,4,1,1,1,0,0,0,0,1,4,9,4,No
hsqldb,org.hsqldb.lib.tar.DbBackup,DbBackup,Public Class,14,4,15,7,4,26,1,70,2,0,227,131,0.58,14,14,47,49,2,0,154,118,12,9,425,9,1,4,14,68,67,0,2,10,104,156,50,No
hsqldb,org.hsqldb.lib.tar.TarGenerator,TarGenerator,Public Class,8,2,12,7,3,22,1,109,0,0,368,210,0.57,15,15,96,71,0,0,226,164,8,3,682,11,1,3,8,46,33,0,0,8,147,219,23,No
hsqldb,org.hsqldb.lib.tar.TarMalformatException,TarMalformatException,Public Class,1,0,3,0,1,3,1,1,0,0,6,0,0,2,2,3,2,0,0,1,1,1,0,7,1,2,0,1,0,0,0,0,1,1,3,1,Yes
hsqldb,org.hsqldb.lib.tar.RB,RB,Public Enum Type,18,0,3,0,1,3,2,2,0,1,119,19,0.16,2,2,80,18,0,0,22,19,18,59,140,1,1,0,18,50,37.5,0,0,18,20,36,16,No
hsqldb,org.hsqldb.lib.tar.DbBackupMain,DbBackupMain,Public Class,1,15,68,24,17,107,1,16,1,0,70,32,0.46,8,8,17,12,0,0,55,36,0,0,118,17,1,4,1,0,0,0,0,1,30,44,17,Yes
hsqldb,org.hsqldb.lib.tar.TarReader,TarReader,Public Class,5,14,48,13,10,75,1,147,0,3,423,164,0.39,17,17,91,83,0,0,291,211,5,4,729,17,1,5,5,40,35,0,3,2,187,269,52,No
hsqldb,org.hsqldb.lib.tar.PIFData,PIFData,Public Class,2,4,22,5,4,30,1,12,0,2,49,16,0.33,12,12,13,11,0,0,32,22,2,1,76,6,2,3,2,25,25,0,0,2,21,31,7,No
hsqldb,org.hsqldb.lib.tar.PIFGenerator,PIFGenerator,Public Class,8,2,8,8,2,17,1,24,0,0,70,65,0.93,9,9,22,15,0,0,40,34,8,3,152,7,2,1,8,67,58,0,1,7,31,47,16,No
hsqldb,org.hsqldb.lib.ValidatingResourceBundle,ValidatingResourceBundle,Public Class,22,0,8,3,2,10,1,16,1,3,185,75,0.41,9,9,38,35,0,0,130,69,21,5,275,5,1,1,22,71,50,0,0,22,58,102,42,No
hsqldb,org.hsqldb.lib.tar.TarFileInputStream,TarFileInputStream,Public Class,9,3,10,12,2,25,1,35,0,0,101,146,1.45,12,12,23,19,0,0,60,42,9,5,281,5,1,3,9,67,36,0,1,8,38,60,21,No
hsqldb,org.hsqldb.lib.tar.TarFileOutputStream,TarFileOutputStream,Public Class,15,2,9,7,2,19,1,56,0,2,157,148,0.94,8,8,36,35,0,0,99,68,15,6,360,7,1,2,15,79,57,0,0,15,66,100,32,No
hsqldb,org.hsqldb.lib.tar.TarGenerator.TarEntrySupplicant,TarEntrySupplicant,Protected Static Class,19,3,12,6,2,21,1,81,5,4,263,144,0.55,22,22,74,53,0,0,160,120,14,9,484,7,1,2,19,82,73,0,10,9,112,160,44,No
hsqldb,org.hsqldb.lib.tar.TarHeaderField,TarHeaderField,Public Enum Type,5,0,1,0,1,1,1,3,0,0,24,62,2.58,2,2,20,6,1,0,4,4,5,14,86,1,1,0,5,50,37.5,0,0,4,7,10,3,No
hsqldb,org.hsqldb.lib.tar.TarGeneratorMain,TarGeneratorMain,Public Class,1,4,17,8,4,29,1,5,1,0,19,8,0.42,6,6,4,4,0,0,11,10,0,0,32,4,1,2,1,0,0,0,0,1,8,13,4,No
hsqldb,org.hsqldb.lib.tar.TarReader.TarEntryHeader,TarEntryHeader,Protected Static Class,15,3,10,4,2,17,1,64,1,0,173,73,0.42,15,15,48,44,0,0,107,79,14,9,309,9,1,2,15,81,79,0,4,11,75,110,37,No
hsqldb,org.hsqldb.lib.tar.TarReader.TarEntryHeader.MissingField,MissingField,Protected Static Class,2,0,3,0,1,3,1,3,0,0,9,0,0,3,3,4,4,0,0,2,2,2,1,12,1,2,0,2,0,0,0,0,2,3,6,2,No
hsqldb,org.hsqldb.lib.tar.TarReaderMain,TarReaderMain,Public Class,1,9,35,9,10,53,1,10,1,0,37,9,0.24,7,7,12,8,0,0,27,16,0,0,56,10,1,2,1,0,0,0,0,1,15,22,10,No
hsqldb,org.hsqldb.map.BaseHashMap.ValueCollectionIterator,ValueCollectionIterator,Protected Class,6,1,5,0,2,6,2,13,0,0,34,4,0.12,4,4,11,11,1,0,16,13,6,2,51,4,1,2,6,58,58,0,0,5,14,24,9,No
hsqldb,org.hsqldb.map.HashIndex,HashIndex,Public Class,15,3,10,4,2,17,1,62,0,0,155,84,0.54,2,2,31,36,0,0,97,86,15,7,301,9,1,3,15,64,50,0,0,15,86,122,35,No
hsqldb,org.hsqldb.map.ValuePoolHashMap,ValuePoolHashMap,Public Class,54,15,32,2,6,50,1,128,0,0,262,27,0.1,7,7,56,55,0,0,200,177,8,1,417,7,2,3,8,13,13,0,7,1,170,209,45,No
hsqldb,org.hsqldb.navigator.RowIterator.EmptyRowIterator,EmptyRowIterator,Final Class,8,0,2,0,1,2,2,8,0,0,20,0,0,1,1,9,9,0,0,5,5,8,0,28,1,1,0,8,0,0,1,0,7,5,14,8,No
hsqldb,org.hsqldb.navigator.RowSetNavigatorData.DataIterator,DataIterator,Class,8,1,4,0,1,5,2,14,0,0,35,0,0,3,3,10,10,1,0,15,13,8,1,49,2,1,1,8,50,50,0,0,7,11,23,11,No
hsqldb,org.hsqldb.navigator.RowSetNavigatorDataChangeMemory,RowSetNavigatorDataChangeMemory,Public Class,26,2,6,0,2,8,2,84,0,1,205,1,0,14,14,65,64,0,0,108,99,26,4,290,8,1,5,26,75,67,0,0,26,90,148,44,No
hsqldb,org.hsqldb.navigator.RowSetNavigatorDataChangeMemory.UpdateRowIterator,UpdateRowIterator,Class,12,0,3,0,1,3,2,12,0,0,34,0,0,2,2,13,13,0,0,11,9,12,0,46,1,1,0,12,0,0,0,0,12,9,22,12,No
hsqldb,org.hsqldb.navigator.RowSetNavigatorDataTable,RowSetNavigatorDataTable,Public Class,127,4,11,0,2,15,1,169,0,0,407,11,0.03,16,16,89,81,4,0,270,235,36,5,586,8,3,3,36,83,59,0,0,32,202,291,88,No
hsqldb,org.hsqldb.ParserBase.Recorder,Recorder,Class,1,3,6,0,1,9,1,5,0,0,9,0,0,4,4,5,5,1,0,5,4,1,1,14,1,1,0,1,0,0,0,0,0,5,7,1,No
hsqldb,org.hsqldb.Token,Token,Public Class,9,5,21,0,4,26,1,57,2,0,214,9,0.04,13,13,52,54,5,0,149,130,7,25,280,21,1,6,9,72,51,1,0,3,142,176,33,No
hsqldb,org.hsqldb.ParserDDL,ParserDDL,Public Class,385,14,44,1,8,59,1,891,0,3,2602,56,0.02,61,61,549,424,48,1,2054,1421,59,0,3549,63,6,5,59,0,0,11,0,0,1341,1646,463,No
hsqldb,org.hsqldb.StatementSession,StatementSession,Public Class,51,17,65,2,19,84,1,162,0,4,615,23,0.04,47,47,77,66,4,0,490,292,9,2,800,102,2,4,9,78,67,0,0,5,260,336,172,No
hsqldb,org.hsqldb.StatementCommand,StatementCommand,Public Class,50,35,163,2,37,200,1,291,0,0,1309,22,0.02,63,63,192,168,4,0,1065,699,8,1,1622,202,2,7,8,63,38,0,0,4,610,783,293,No
hsqldb,org.hsqldb.ParserRoutine,ParserRoutine,Public Class,326,13,36,0,7,50,1,694,0,1,1785,46,0.03,65,65,336,280,45,1,1383,1078,49,0,2525,51,5,5,49,98,98,4,0,0,959,1234,328,Yes
hsqldb,org.hsqldb.StatementSchema,StatementSchema,Public Class,61,19,75,1,18,94,1,373,4,0,1422,21,0.01,60,60,266,241,7,1,1125,725,15,4,1816,227,2,7,19,89,83,8,0,4,697,867,338,No
hsqldb,org.hsqldb.StatementQuery,StatementQuery,Public Class,77,2,7,0,2,9,1,24,0,1,56,7,0.13,14,14,13,13,4,1,32,25,8,0,87,4,3,2,8,0,0,0,0,4,23,37,15,No
hsqldb,org.hsqldb.StatementSchemaDefinition,StatementSchemaDefinition,Public Class,66,8,27,0,8,35,1,47,0,0,139,22,0.16,23,23,21,20,3,0,108,77,5,1,208,33,3,4,5,60,40,0,0,2,65,88,39,No
hsqldb,org.hsqldb.ParserDML,ParserDML,Public Class,248,22,68,2,11,91,1,388,1,0,1150,44,0.04,54,54,270,224,15,1,885,639,16,0,1582,52,3,7,17,0,0,2,0,0,588,766,193,No
hsqldb,org.hsqldb.StatementDMQL,StatementDMQL,Public Abstract Class,69,6,19,1,4,26,1,188,0,0,480,61,0.13,33,33,85,101,11,5,329,278,27,24,729,25,2,4,27,93,86,8,0,8,271,360,104,No
hsqldb,org.hsqldb.StatementInsert,StatementInsert,Public Class,102,11,39,3,6,53,1,62,0,4,203,21,0.1,27,27,60,46,5,0,156,112,5,2,286,20,4,6,5,50,40,0,0,0,111,139,30,No
hsqldb,org.hsqldb.StatementDML,StatementDML,Public Class,97,13,44,3,10,60,1,387,3,0,1259,104,0.08,52,52,258,236,23,2,926,728,25,12,1749,33,3,5,28,91,88,0,0,5,602,848,269,No
hsqldb,org.hsqldb.StatementProcedure,StatementProcedure,Public Class,81,7,20,2,4,29,1,98,0,0,245,34,0.14,28,28,51,54,10,0,170,143,12,4,376,15,3,3,12,58,52,0,0,2,129,181,51,No
hsqldb,org.hsqldb.QueryExpression.RecursiveQuerySettings,RecursiveQuerySettings,Static Class,0,0,0,0,0,0,1,1,0,4,16,0,0,3,3,15,15,0,0,4,0,0,10,17,0,1,0,0,0,0,0,0,0,14,15,0,No
hsqldb,org.hsqldb.types.ClobType,ClobType,Public Final Class,175,2,7,0,2,9,1,50,0,3,136,8,0.06,16,16,29,28,0,0,80,67,18,0,194,5,3,2,18,0,0,0,0,18,54,92,38,No
hsqldb,org.hsqldb.RangeVariableJoined,RangeVariableJoined,Public Class,94,1,6,1,2,8,1,80,0,0,232,35,0.15,20,20,65,59,0,0,121,106,36,1,347,12,2,4,36,86,81,1,1,34,94,158,65,No
hsqldb,org.hsqldb.StatementCursor,StatementCursor,Public Class,80,4,12,1,3,17,1,17,0,1,38,10,0.26,9,9,10,9,3,0,24,19,3,0,65,7,4,3,3,0,0,0,0,0,17,27,9,No
hsqldb,org.hsqldb.ParserTable,ParserTable,Public Class,277,20,61,2,12,83,1,606,2,0,1776,73,0.04,59,59,290,231,26,1,1384,1030,27,0,2453,56,4,5,29,0,0,3,0,0,853,1138,351,No
hsqldb,org.hsqldb.StatementCompound,StatementCompound,Public Class,72,7,19,3,5,29,2,243,0,1,595,101,0.17,40,40,104,124,7,0,404,366,30,15,939,20,2,5,30,90,84,13,0,10,307,459,164,No
hsqldb,org.hsqldb.StatementSet,StatementSet,Public Class,85,5,16,1,3,22,1,97,1,3,265,25,0.09,34,34,54,56,10,0,184,148,15,5,386,9,3,2,16,70,63,0,1,5,147,195,54,No
hsqldb,org.hsqldb.StatementHandler,StatementHandler,Public Class,57,2,8,0,2,10,1,54,0,9,130,11,0.08,13,13,36,37,1,0,79,66,15,4,195,11,2,2,15,70,70,0,0,14,65,96,34,No
hsqldb,org.hsqldb.StatementExpression,StatementExpression,Public Class,79,4,10,0,3,14,1,47,0,0,99,11,0.11,19,19,21,23,6,0,61,54,10,1,157,4,3,2,10,60,40,0,1,3,47,72,27,No
hsqldb,org.hsqldb.StatementSignal,StatementSignal,Public Class,53,2,8,0,2,10,1,39,0,0,90,8,0.09,12,12,19,20,4,0,55,46,11,2,137,4,2,1,11,73,59,0,1,6,43,63,22,No
hsqldb,org.hsqldb.StatementSimple,StatementSimple,Public Class,51,3,10,0,3,13,1,40,0,0,91,7,0.08,14,14,16,17,2,0,57,46,9,1,138,8,2,4,9,56,44,0,1,6,40,61,23,No
hsqldb,org.hsqldb.TriggerDefSQL,TriggerDefSQL,Public Class,52,1,6,0,1,7,1,22,0,0,56,7,0.13,12,12,19,14,1,0,27,22,9,1,85,4,2,1,9,89,89,0,0,8,21,34,12,No
hsqldb,org.hsqldb.TableUtil,TableUtil,Public Class,3,4,11,0,2,15,1,15,3,0,34,0,0,8,8,15,11,1,0,19,15,0,0,49,2,1,1,3,0,0,0,0,2,17,23,5,No
hsqldb,org.hsqldb.persist.BitMapCachedObject,BitMapCachedObject,Public Class,27,1,5,0,1,6,1,17,0,1,38,6,0.16,5,5,14,16,0,0,19,18,7,1,61,2,2,1,7,14,0,0,0,7,22,32,9,No
hsqldb,org.hsqldb.persist.CachedObjectBase,CachedObjectBase,Public Abstract Class,20,0,3,0,1,4,2,25,0,0,78,6,0.08,2,2,28,28,0,4,28,25,20,7,109,4,1,2,20,89,89,0,0,20,29,53,23,No
hsqldb,org.hsqldb.persist.BlockObjectStore,BlockObjectStore,Public Class,56,2,7,0,2,9,1,24,0,0,63,5,0.08,10,10,22,18,0,0,33,30,8,4,92,2,2,1,8,69,63,1,0,7,30,43,12,No
hsqldb,org.hsqldb.persist.SimpleStore,SimpleStore,Public Abstract Class,48,0,2,0,1,2,2,50,0,0,115,5,0.04,12,12,59,52,0,1,28,28,48,3,170,2,1,1,48,93,93,0,0,48,30,80,49,No
hsqldb,org.hsqldb.persist.Cache,Cache,Public Class,66,4,13,2,3,19,1,123,0,0,316,46,0.15,16,16,82,80,9,0,208,175,20,12,483,8,2,4,20,82,70,5,1,5,172,231,57,No
hsqldb,org.hsqldb.persist.Cache.CachedObjectComparator,CachedObjectComparator,Static Final Class,6,1,5,0,2,6,3,14,0,3,39,0,0,1,1,14,13,2,0,22,13,6,2,53,5,1,1,6,67,50,0,0,4,18,26,10,No
hsqldb,org.hsqldb.persist.DataFileCacheSession,DataFileCacheSession,Public Class,70,3,10,1,2,14,1,26,0,0,71,17,0.24,10,10,9,8,0,0,50,37,7,0,114,3,2,2,7,0,0,0,3,4,32,45,11,No
hsqldb,org.hsqldb.rowio.RowInputBinaryDecode,RowInputBinaryDecode,Public Class,102,3,7,0,2,10,1,9,0,0,16,5,0.31,2,2,6,6,0,0,8,7,2,1,30,2,5,1,2,0,0,0,0,2,8,12,3,No
hsqldb,org.hsqldb.rowio.RowOutputBinaryEncode,RowOutputBinaryEncode,Public Class,121,3,8,2,2,12,1,15,0,0,34,11,0.32,3,3,11,10,0,0,21,15,4,1,60,2,5,1,4,0,0,0,0,4,16,23,6,No
hsqldb,org.hsqldb.persist.RAShadowFile,RAShadowFile,Public Class,10,3,12,1,2,16,1,77,2,1,207,7,0.03,12,12,58,54,3,0,124,107,8,12,291,6,1,2,10,76,69,3,0,4,109,154,24,No
hsqldb,org.hsqldb.persist.DataFileDefrag,DataFileDefrag,Final Class,4,9,31,0,7,41,1,42,0,0,134,15,0.11,25,25,30,31,3,0,95,75,4,7,191,19,1,4,4,50,50,0,0,1,65,91,26,No
hsqldb,org.hsqldb.persist.RAFileSimple,RAFileSimple,Final Class,17,0,5,0,1,5,2,26,0,0,82,8,0.1,9,9,22,21,1,0,37,33,17,3,116,3,1,2,17,59,59,0,0,16,31,54,22,No
hsqldb,org.hsqldb.persist.DataSpaceManagerBlocks,DataSpaceManagerBlocks,Public Class,45,5,15,1,3,20,2,308,0,3,794,49,0.06,27,27,218,207,10,0,532,439,45,19,1151,7,1,4,45,88,78,19,0,16,425,575,115,No
hsqldb,org.hsqldb.persist.DataSpaceManagerSimple,DataSpaceManagerSimple,Public Class,16,1,6,0,1,7,2,39,0,0,100,8,0.08,10,10,31,29,1,0,56,41,16,6,147,4,1,2,16,77,76,0,0,15,42,67,23,No
hsqldb,org.hsqldb.persist.RAFile,RAFile,Final Class,22,3,11,0,3,14,2,91,1,9,270,21,0.08,18,18,63,57,2,0,178,140,21,15,381,7,1,2,22,79,62,5,0,15,138,192,55,No
hsqldb,org.hsqldb.persist.Log,Log,Public Class,43,3,12,2,3,16,1,170,1,0,516,97,0.19,34,34,84,84,38,0,351,291,42,14,783,9,1,3,43,83,73,4,0,1,246,357,114,No
hsqldb,org.hsqldb.persist.RowStoreAVLDisk,RowStoreAVLDisk,Public Class,99,3,10,0,2,14,1,175,0,0,401,18,0.04,31,31,104,95,1,0,261,232,40,3,594,8,2,3,40,85,76,5,0,34,203,289,84,No
hsqldb,org.hsqldb.persist.TableSpaceManagerBlocks,TableSpaceManagerBlocks,Public Class,15,4,14,0,3,18,2,82,0,0,227,18,0.08,6,6,57,54,0,0,146,124,15,19,327,7,1,4,15,74,56,4,0,11,127,172,44,No
hsqldb,org.hsqldb.persist.DataSpaceManagerBlocks.BlockAccessor,BlockAccessor,Private Class,12,3,9,0,2,12,1,48,0,0,117,0,0,8,8,27,25,11,0,74,68,12,6,165,6,1,2,12,58,44,1,0,0,62,87,26,No
hsqldb,org.hsqldb.persist.DoubleIntArrayCachedObject,DoubleIntArrayCachedObject,Public Class,31,2,6,0,1,8,1,36,0,1,68,9,0.13,4,4,21,25,0,0,38,40,11,1,113,4,2,2,11,9,0,0,0,11,42,59,16,No
hsqldb,org.hsqldb.persist.IntArrayCachedObject,IntArrayCachedObject,Public Class,31,1,5,0,1,6,1,24,0,1,56,9,0.16,4,4,17,19,0,0,27,26,11,1,89,3,2,2,11,9,0,0,0,11,30,45,15,No
hsqldb,org.hsqldb.persist.TableSpaceManagerSimple,TableSpaceManagerSimple,Public Class,10,1,4,0,1,5,2,18,0,0,44,8,0.18,5,5,17,16,0,0,19,17,10,2,70,2,1,2,10,80,80,0,0,10,19,32,11,No
hsqldb,org.hsqldb.persist.HsqlDatabaseProperties.getUserDefinedProperties.(Anon_1),(Anon_1),Anonymous Class,6,1,4,0,1,5,2,14,0,0,29,0,0,5,5,1,10,0,0,22,13,6,3,43,3,1,2,6,78,72,1,0,5,13,21,8,Yes
hsqldb,org.hsqldb.persist.LobStoreRAFile,LobStoreRAFile,Public Class,10,2,11,0,3,13,2,31,0,0,111,5,0.05,9,9,25,22,0,0,65,51,10,4,147,4,1,2,10,60,43,1,0,9,43,71,28,No
hsqldb,org.hsqldb.persist.LobStoreInJar,LobStoreInJar,Public Class,11,2,7,0,2,9,2,33,0,0,87,7,0.08,10,10,26,23,0,0,47,37,11,5,127,6,1,3,11,76,73,2,0,9,35,59,23,No
hsqldb,org.hsqldb.persist.LobStoreMem,LobStoreMem,Public Class,9,2,9,0,2,11,2,32,0,0,87,5,0.06,1,1,32,30,0,0,55,36,9,4,124,4,1,2,9,47,47,0,0,9,45,63,17,No
hsqldb,org.hsqldb.persist.LockFile,LockFile,Public Class,29,3,14,30,3,47,1,217,4,12,611,1519,2.49,31,31,189,128,0,0,337,246,25,5,2337,12,1,4,29,84,72,12,4,13,231,366,98,No
hsqldb,org.hsqldb.persist.LockFile.BaseException,BaseException,Public Static Abstract Class,4,1,5,6,2,12,1,9,0,0,24,28,1.17,3,3,7,7,0,8,10,10,4,2,60,3,2,1,4,25,25,0,0,4,10,17,6,No
hsqldb,org.hsqldb.persist.LockFile.FileCanonicalizationException,FileCanonicalizationException,Public Static Final Class,7,1,4,7,1,11,1,6,0,0,16,28,1.75,3,3,8,5,0,0,4,4,3,1,49,1,3,0,3,0,0,0,0,3,5,9,3,No
hsqldb,org.hsqldb.persist.LockFile.FileSecurityException,FileSecurityException,Public Static Final Class,7,1,4,7,1,11,1,6,0,0,15,36,2.4,3,3,7,5,0,0,4,4,3,1,56,1,3,0,3,0,0,0,0,3,5,9,3,No
hsqldb,org.hsqldb.persist.LockFile.HeartbeatRunner,HeartbeatRunner,Private Final Class,1,1,7,0,2,8,2,2,0,0,9,6,0.67,3,3,2,2,0,0,4,3,1,0,17,2,1,1,1,0,0,0,0,1,2,5,2,No
hsqldb,org.hsqldb.persist.LockFile.LockHeldExternallyException,LockHeldExternallyException,Public Static Final Class,8,1,5,8,1,13,1,8,0,0,25,40,1.6,3,3,11,7,0,0,9,6,4,2,72,1,3,0,4,25,25,0,0,4,8,13,4,No
hsqldb,org.hsqldb.persist.LockFile.UnexpectedEndOfFileException,UnexpectedEndOfFileException,Public Static Final Class,7,1,4,7,1,11,1,6,0,0,16,24,1.5,3,3,8,5,0,0,4,4,3,1,45,1,3,0,3,0,0,0,0,3,5,9,3,No
hsqldb,org.hsqldb.persist.LockFile.UnexpectedFileIOException,UnexpectedFileIOException,Public Static Final Class,7,1,4,7,1,11,1,6,0,0,15,24,1.6,3,3,7,5,0,0,4,4,3,1,44,1,3,0,3,0,0,0,0,3,5,9,3,No
hsqldb,org.hsqldb.persist.LockFile.UnexpectedFileNotFoundException,UnexpectedFileNotFoundException,Public Static Final Class,7,1,4,7,1,11,1,6,0,0,16,24,1.5,3,3,8,5,0,0,4,4,3,1,45,1,3,0,3,0,0,0,0,3,5,9,3,No
hsqldb,org.hsqldb.persist.LockFile.WrongLengthException,WrongLengthException,Public Static Final Class,7,1,4,7,1,11,1,6,0,0,14,24,1.71,2,2,6,5,0,0,4,4,3,1,43,1,3,0,3,0,0,0,0,3,5,9,3,No
hsqldb,org.hsqldb.persist.LockFile.WrongMagicException,WrongMagicException,Public Static Final Class,7,2,6,7,2,14,1,9,0,0,20,25,1.25,3,3,7,6,0,0,10,6,3,1,53,2,3,0,3,0,0,0,0,3,7,11,5,No
hsqldb,org.hsqldb.scriptio.ScriptReaderBase,ScriptReaderBase,Public Abstract Class,15,0,3,0,1,3,1,17,0,0,54,7,0.13,8,8,32,32,1,1,11,11,15,16,78,1,1,0,15,93,93,0,2,12,32,43,10,No
hsqldb,org.hsqldb.scriptio.ScriptReaderDecode,ScriptReaderDecode,Public Class,28,8,26,0,7,34,1,28,0,0,85,6,0.07,18,18,11,10,0,0,60,48,3,4,119,13,3,2,3,33,33,0,0,3,35,57,21,No
hsqldb,org.hsqldb.scriptio.ScriptReaderText,ScriptReaderText,Public Class,25,7,23,1,5,30,1,81,0,0,233,16,0.07,36,36,36,33,3,1,165,125,10,6,329,10,2,5,10,77,67,1,1,5,107,150,49,No
hsqldb,org.hsqldb.scriptio.ScriptWriterBase,ScriptWriterBase,Public Abstract Class,35,3,10,1,2,14,2,110,0,3,285,58,0.2,32,32,94,84,2,1,166,134,35,20,453,8,1,3,35,89,74,0,6,27,143,199,56,No
hsqldb,org.hsqldb.scriptio.ScriptWriterEncode,ScriptWriterEncode,Public Class,58,3,14,1,2,17,1,26,0,0,87,9,0.1,15,15,17,13,1,0,59,43,6,3,122,3,3,2,6,67,67,0,2,3,38,53,14,No
hsqldb,org.hsqldb.scriptio.ScriptWriterText,ScriptWriterText,Public Class,52,2,9,0,2,12,1,59,0,12,182,23,0.13,17,17,39,31,1,2,122,114,17,1,263,4,2,2,17,88,73,1,4,11,99,133,31,Yes
hsqldb,org.hsqldb.persist.TextTableStorageManager,TextTableStorageManager,Public Class,5,2,7,1,2,11,1,18,0,0,40,8,0.2,8,8,13,12,1,0,23,21,5,1,66,3,1,2,5,20,20,0,0,4,15,27,11,No
hsqldb,org.hsqldb.persist.ScriptRunner,ScriptRunner,Public Class,2,24,75,7,14,105,1,49,2,0,151,23,0.15,28,28,34,26,0,0,116,80,0,0,223,24,1,5,2,0,0,1,0,1,71,91,28,No
hsqldb,org.hsqldb.TransactionManagerMV2PL,TransactionManagerMV2PL,Public Class,54,4,11,2,2,16,2,114,0,0,286,47,0.16,19,19,60,55,2,0,189,168,25,2,447,8,2,4,25,92,80,1,0,22,139,203,54,No
hsqldb,org.hsqldb.TransactionManagerMVCC,TransactionManagerMVCC,Public Class,57,6,18,3,4,27,2,203,0,0,506,95,0.19,26,26,88,87,5,0,348,315,28,9,804,12,2,4,28,94,87,1,0,22,261,375,103,No
hsqldb,org.hsqldb.persist.RowStoreAVLMemory,RowStoreAVLMemory,Public Class,80,1,5,0,2,7,1,44,0,0,117,3,0.03,18,18,30,27,0,0,68,57,21,1,164,6,2,2,21,95,95,0,0,21,50,79,33,No
hsqldb,org.hsqldb.persist.RowStoreAVLDiskData,RowStoreAVLDiskData,Public Class,84,2,7,0,2,9,1,74,0,0,178,5,0.03,27,27,40,37,0,0,108,94,25,3,257,7,2,2,25,80,75,0,0,25,84,123,41,No
hsqldb,org.hsqldb.persist.RowStoreAVLHybridExtended,RowStoreAVLHybridExtended,Public Class,90,4,11,0,2,15,1,45,0,0,99,4,0.04,10,10,27,21,0,0,60,52,9,2,148,4,3,2,9,67,28,1,0,8,44,67,21,No
hsqldb,org.hsqldb.persist.RowStoreDataChange,RowStoreDataChange,Public Class,84,2,6,0,1,8,1,11,0,0,21,0,0,7,7,7,6,0,0,10,9,3,1,32,2,3,1,3,33,33,0,0,3,9,14,4,No
hsqldb,org.hsqldb.persist.RowStoreAVLHybrid,RowStoreAVLHybrid,Public Class,81,3,10,0,2,14,1,89,0,0,228,11,0.05,25,25,47,43,0,2,147,123,22,5,328,5,2,2,22,77,66,0,0,22,106,157,54,No
hsqldb,org.hsqldb.RowAction,RowAction,Public Class,32,5,20,1,6,27,1,186,3,0,598,44,0.07,14,14,82,74,13,0,434,337,26,5,828,32,2,6,29,94,86,3,0,13,267,405,164,No
hsqldb,org.hsqldb.persist.PersistentStoreCollectionSession,PersistentStoreCollectionSession,Public Class,18,5,14,0,3,19,2,108,0,0,259,12,0.05,19,19,49,48,0,0,182,140,18,7,379,11,1,2,18,76,62,1,0,17,118,169,62,No
hsqldb,org.hsqldb.persist.RAFileInJar,RAFileInJar,Final Class,21,2,7,0,2,9,2,68,0,0,151,17,0.11,9,9,44,43,1,0,87,74,21,9,236,6,1,3,21,81,69,4,0,16,71,110,38,No
hsqldb,org.hsqldb.persist.RAFileHybrid,RAFileHybrid,Public Final Class,18,1,5,0,2,6,2,36,0,0,107,14,0.13,8,8,30,29,1,0,56,48,18,7,157,7,1,2,18,78,72,0,0,17,48,76,27,No
hsqldb,org.hsqldb.persist.RAFileNIO,RAFileNIO,Final Class,22,5,15,0,3,20,2,137,0,4,348,21,0.06,16,16,75,72,1,0,242,195,22,13,506,8,1,3,22,72,57,5,0,16,181,249,71,No
hsqldb,org.hsqldb.persist.RAShadowFile.InputStreamShadow,InputStreamShadow,Class,9,2,7,0,2,10,2,30,0,0,73,0,0,5,5,17,16,0,0,41,35,9,4,103,5,1,2,9,58,44,1,0,8,28,49,20,No
hsqldb,org.hsqldb.persist.RowInsertSimple,RowInsertSimple,Public Class,6,0,3,0,1,3,2,29,0,0,63,7,0.11,4,4,27,26,0,0,25,19,6,3,99,1,1,0,6,72,72,0,0,6,22,44,6,No
hsqldb,org.hsqldb.persist.RowInsertSimple.DefaultErrorHandler,DefaultErrorHandler,Public Static Class,4,0,1,0,1,1,2,4,0,0,6,0,0,2,2,5,5,0,0,0,0,4,0,10,1,1,0,4,0,0,0,0,4,0,5,4,No
hsqldb,org.hsqldb.persist.RowInsertSimple.InsertErrorHandler,InsertErrorHandler,Public Static Class,5,2,6,0,2,8,2,15,0,0,36,2,0.06,9,9,12,11,0,0,19,13,5,3,53,2,1,1,5,47,20,1,0,4,13,23,9,No
hsqldb,org.hsqldb.persist.RowInsertVersioning,RowInsertVersioning,Public Class,10,3,10,0,2,13,2,36,0,0,109,6,0.06,13,13,30,30,4,0,69,59,10,7,151,12,1,3,10,73,59,0,0,6,56,81,24,No
hsqldb,org.hsqldb.RowAVLDiskLarge,RowAVLDiskLarge,Public Class,77,4,8,4,2,17,1,15,0,0,27,19,0.7,5,5,8,10,0,0,17,17,3,0,61,2,4,1,3,0,0,0,0,3,19,25,5,No
hsqldb,org.hsqldb.RowActionBase,RowActionBase,Public Class,3,1,6,1,1,7,1,8,0,8,36,19,0.53,1,1,21,21,3,1,20,12,3,9,63,1,1,0,3,56,56,0,0,0,29,33,3,No
hsqldb,org.hsqldb.RowAVLDiskData,RowAVLDiskData,Public Class,68,1,4,1,1,6,1,42,0,0,98,33,0.34,6,6,32,32,0,0,46,45,21,4,173,2,3,1,21,85,85,0,0,21,49,74,24,No
hsqldb,org.hsqldb.RowDiskDataChange,RowDiskDataChange,Public Class,83,2,8,2,2,12,1,30,0,7,85,20,0.24,14,14,28,25,0,0,53,32,9,3,135,4,4,3,9,44,44,0,0,9,39,56,16,No
hsqldb,org.hsqldb.persist.ScriptLoader,ScriptLoader,Public Class,1,8,29,0,5,37,1,9,1,0,31,0,0,13,13,6,5,0,0,20,14,0,0,40,5,1,2,1,0,0,0,0,1,13,19,5,No
hsqldb,org.hsqldb.rowio.RowInputText,RowInputText,Public Class,95,3,10,0,3,14,2,155,0,0,365,23,0.06,26,26,84,84,0,1,229,211,35,17,543,10,4,3,35,92,68,2,21,12,179,266,88,No
hsqldb,org.hsqldb.rowio.RowInputTextQuoted,RowInputTextQuoted,Public Class,98,8,27,1,6,36,1,28,0,3,88,12,0.14,6,6,15,16,0,0,66,49,3,2,128,15,5,6,3,33,33,0,1,2,46,63,19,No
hsqldb,org.hsqldb.rowio.RowOutputText,RowOutputText,Public Class,113,1,5,0,1,7,1,109,0,0,249,14,0.06,24,24,66,65,0,1,137,122,44,9,372,4,4,3,44,90,73,2,25,17,116,178,62,No
hsqldb,org.hsqldb.rowio.RowOutputTextQuoted,RowOutputTextQuoted,Public Class,116,1,7,0,2,8,1,7,1,0,23,8,0.35,3,3,4,5,0,0,12,10,2,0,38,3,5,2,3,0,0,1,1,1,7,14,6,No
hsqldb,org.hsqldb.persist.TextFileReader8,TextFileReader8,Public Class,11,7,23,1,5,30,2,113,1,0,326,18,0.06,11,11,69,67,5,1,205,159,10,7,457,20,1,5,11,66,57,2,0,4,151,222,55,No
hsqldb,org.hsqldb.persist.TextFileOps,TextFileOps,Public Class,2,21,76,0,12,97,1,43,2,0,154,7,0.05,34,34,35,31,0,0,119,80,0,0,204,15,1,3,2,0,0,0,0,2,71,95,23,No
hsqldb,org.hsqldb.persist.TextFileReader16,TextFileReader16,Public Class,17,2,10,0,2,12,2,20,0,0,61,8,0.13,9,9,13,10,3,0,36,31,6,0,89,5,2,4,6,0,0,1,0,2,24,39,14,No
hsqldb,org.hsqldb.persist.TextFileReader8.StringCreator,StringCreator,Static Abstract Class,7,1,9,0,3,10,1,8,1,0,17,0,0,7,7,8,8,7,2,6,5,6,0,25,3,1,1,7,0,0,0,0,0,9,13,3,No
hsqldb,org.hsqldb.persist.TextFileReader8.StringCreatorBytes,StringCreatorBytes,Static Class,14,0,3,0,1,3,1,8,0,0,26,0,0,3,3,10,10,7,0,8,8,7,2,34,1,2,0,7,36,36,0,0,0,10,18,7,No
hsqldb,org.hsqldb.persist.TextFileReader8.StringCreatorChars,StringCreatorChars,Static Class,14,0,3,0,1,3,1,10,0,0,25,0,0,2,2,10,10,7,0,8,8,7,1,35,1,2,0,7,0,0,0,0,0,9,17,7,No
hsqldb,org.hsqldb.RangeVariable.RangeIteratorRight,RangeIteratorRight,Public Static Class,29,4,13,0,3,17,1,26,0,0,67,0,0,5,5,11,10,0,0,43,34,5,1,93,7,3,2,5,60,60,3,0,2,26,42,15,No
hsqldb,org.hsqldb.RangeGroup.RangeGroupEmpty,RangeGroupEmpty,Class,4,1,3,1,1,4,2,6,0,0,12,2,0.17,1,1,5,5,1,0,2,2,4,0,20,1,1,0,4,0,0,0,0,3,2,7,4,No
hsqldb,org.hsqldb.RangeVariable.RangeIteratorBase,RangeIteratorBase,Public Static Class,13,0,4,0,1,5,2,20,0,0,62,0,0,7,7,20,20,0,2,26,23,13,6,82,6,1,2,13,83,83,1,0,12,24,43,18,No
hsqldb,org.hsqldb.RangeVariable.RangeIteratorCheck,RangeIteratorCheck,Static Final Class,16,0,3,0,1,3,2,17,0,0,46,0,0,1,1,19,19,2,0,13,13,16,2,63,1,1,0,16,81,81,0,0,14,15,32,16,No
hsqldb,org.hsqldb.RangeVariable.RangeIteratorJoined,RangeIteratorJoined,Public Static Class,22,1,5,0,2,7,1,22,0,0,54,0,0,2,2,13,16,0,0,28,28,9,3,76,5,2,3,9,70,70,0,0,9,28,44,15,No
hsqldb,org.hsqldb.RangeVariable.RangeIteratorMain,RangeIteratorMain,Public Static Class,24,6,22,1,5,29,1,85,0,0,253,10,0.04,12,12,37,34,1,1,174,135,11,10,348,20,2,5,11,79,71,4,1,5,106,163,60,No
hsqldb,org.hsqldb.StatementManager,StatementManager,Public Final Class,11,5,12,6,2,23,1,79,0,0,170,107,0.63,16,16,47,46,4,0,106,87,11,5,356,6,1,2,11,58,35,5,0,2,87,120,27,No
hsqldb,org.hsqldb.rowio.RowInputBase,RowInputBase,Abstract Class,60,4,13,2,5,18,1,78,0,1,178,32,0.18,17,17,42,43,3,3,123,75,34,2,288,42,3,1,34,71,71,0,20,11,99,118,57,No
hsqldb,org.hsqldb.rowio.RowInputTextLog,RowInputTextLog,Public Class,95,4,9,0,2,13,2,162,0,0,319,10,0.03,29,29,55,55,0,0,202,192,35,6,491,8,4,3,35,77,53,0,23,12,158,235,79,No
hsqldb,org.hsqldb.rowio.RowOutputBase,RowOutputBase,Abstract Class,69,4,16,2,7,21,2,60,0,0,153,26,0.17,21,21,43,38,0,3,106,57,30,0,239,42,3,2,30,0,0,0,22,8,81,94,53,No
hsqldb,org.hsqldb.rowio.RowOutputTextLog,RowOutputTextLog,Public Class,106,1,4,0,1,5,1,71,0,8,176,5,0.03,21,21,51,51,0,0,93,88,37,3,252,4,4,2,37,95,95,0,22,15,84,132,48,Yes
hsqldb,org.hsqldb.sample.ConnectionTypesSample,ConnectionTypesSample,Public Class,1,2,9,2,1,13,1,3,0,0,11,2,0.18,0,0,2,2,0,0,7,6,1,0,16,1,2,0,1,0,0,0,0,1,6,8,1,No
hsqldb,org.hsqldb.sample.DatabaseManagerSample,DatabaseManagerSample,Public Class,32,0,0,0,0,0,1,2,0,0,8,0,0,1,1,3,2,0,0,4,3,0,0,10,0,3,0,0,0,0,0,0,0,3,4,0,No
hsqldb,org.hsqldb.util.DatabaseManager,DatabaseManager,Public Class,32,9,28,1,6,38,4,313,4,12,948,71,0.07,42,42,209,200,11,1,751,627,28,19,1327,65,2,5,32,91,79,4,1,16,554,750,193,Yes
hsqldb,org.hsqldb.sample.FindFile,FindFile,Class,4,8,18,14,3,40,1,36,4,0,72,66,0.92,9,9,17,13,3,0,51,45,0,0,173,5,1,2,4,0,0,0,0,1,37,51,13,No
hsqldb,org.hsqldb.types.BitType,BitType,Public Final Class,172,4,14,0,4,17,1,147,2,1,438,23,0.05,22,22,81,76,2,0,294,221,30,0,608,34,3,3,32,0,0,0,0,30,173,271,135,No
hsqldb,org.hsqldb.SchemaManager.UserSchemaFilter,UserSchemaFilter,Static Class,1,3,9,0,2,12,2,4,0,0,11,0,0,4,4,4,4,0,0,6,4,1,0,15,2,1,1,1,0,0,0,0,1,4,7,2,No
hsqldb,org.hsqldb.scriptio.ScriptWriterTextColumnNames,ScriptWriterTextColumnNames,Public Class,54,1,9,0,1,10,1,4,0,0,20,0,0,9,9,3,3,0,0,14,13,2,0,24,1,3,0,2,0,0,0,0,2,13,16,2,No
hsqldb,org.hsqldb.Server,Server,Public Class,83,0,0,0,0,0,1,0,0,0,1,0,0,0,0,1,1,0,0,0,0,0,0,1,0,2,0,0,0,0,0,0,0,0,1,0,No
hsqldb,org.hsqldb.server.HsqlServerFactory,HsqlServerFactory,Public Class,2,4,14,1,3,19,1,10,1,0,29,9,0.31,13,13,8,6,0,0,19,16,1,0,48,4,1,2,2,0,0,1,0,1,13,19,5,No
hsqldb,org.hsqldb.server.HsqlSocketFactorySecure,HsqlSocketFactorySecure,Public Final Class,23,4,13,9,2,25,2,66,1,0,158,128,0.81,17,17,38,36,4,0,95,82,11,4,352,7,2,1,12,92,75,1,0,7,89,116,25,No
hsqldb,org.hsqldb.server.OdbcPacketInputStream,OdbcPacketInputStream,Class,10,4,12,4,3,20,1,53,3,0,126,46,0.37,12,12,38,32,7,0,79,60,7,2,225,6,2,2,10,95,85,2,0,1,59,83,25,No
hsqldb,org.hsqldb.server.OdbcPacketOutputStream,OdbcPacketOutputStream,Class,10,2,6,1,1,9,1,26,1,0,64,32,0.5,4,4,22,17,6,0,35,34,9,4,120,2,2,1,10,75,60,0,1,3,35,47,11,No
hsqldb,org.hsqldb.server.OdbcPreparedStatement,OdbcPreparedStatement,Class,4,3,10,3,2,15,1,15,0,0,45,12,0.27,11,11,14,11,0,0,26,19,4,6,72,3,1,1,4,54,54,0,1,3,21,28,7,No
hsqldb,org.hsqldb.server.StatementPortal,StatementPortal,Class,3,5,20,5,4,30,1,19,0,0,68,20,0.29,11,11,16,14,0,0,44,29,3,7,107,9,1,4,3,57,24,0,0,3,31,42,11,No
hsqldb,org.hsqldb.server.RecoverableOdbcFailure,RecoverableOdbcFailure,Class,7,0,4,2,1,6,1,0,0,0,31,21,0.68,2,2,12,11,0,0,14,11,7,3,52,1,2,0,7,62,57,0,0,7,14,22,7,No
hsqldb,org.hsqldb.server.OdbcUtil,OdbcUtil,Public Class,10,0,15,4,4,19,1,18,10,20,197,43,0.22,12,12,58,48,6,0,139,100,0,0,258,10,1,3,10,100,100,0,0,4,101,138,37,Yes
hsqldb,org.hsqldb.server.PgType,PgType,Public Class,12,2,18,10,7,29,1,37,3,74,306,141,0.46,11,11,112,93,1,0,247,93,9,4,475,38,1,3,12,81,73,1,4,6,145,170,88,No
hsqldb,org.hsqldb.server.Server.ServerThread,ServerThread,Private Class,2,1,4,5,1,10,1,4,0,0,10,13,1.3,2,2,3,3,1,0,4,4,2,0,27,1,2,0,2,0,0,0,0,1,4,7,2,No
hsqldb,org.hsqldb.server.ServerAcl,ServerAcl,Public Final Class,11,5,19,4,4,27,1,96,3,4,306,86,0.28,20,20,60,56,2,0,208,146,8,4,486,19,1,4,11,80,53,1,0,8,133,193,47,No
hsqldb,org.hsqldb.server.ServerConnection,ServerConnection,Class,14,26,80,24,14,127,2,406,1,9,1198,363,0.3,55,55,141,142,3,0,966,644,13,21,1923,123,1,7,14,77,72,9,0,2,562,738,200,Yes
hsqldb,org.hsqldb.server.WebServerConnection,WebServerConnection,Class,9,9,31,11,6,50,2,91,0,16,305,112,0.37,36,36,80,68,4,0,234,171,9,6,503,14,1,4,9,79,73,4,0,1,168,210,50,Yes
hsqldb,org.hsqldb.server.ServerAcl.AclFormatException,AclFormatException,Public Static Final Class,1,0,3,0,1,3,1,1,0,0,5,0,0,1,1,2,2,0,0,1,1,1,0,6,1,2,0,1,0,0,0,0,1,1,3,1,No
hsqldb,org.hsqldb.server.ServerAcl.AclEntry,AclEntry,Private Static Final Class,4,4,15,0,3,19,1,21,0,0,64,1,0.02,7,7,12,11,0,0,44,24,4,4,85,5,1,1,4,25,25,0,0,4,24,34,12,No
hsqldb,org.hsqldb.server.ServerAcl.InternalException,InternalException,Private Static Final Class,0,0,0,0,0,0,1,0,0,0,1,0,0,0,0,1,1,0,0,0,0,0,0,1,0,2,0,0,0,0,0,0,0,0,1,0,No
hsqldb,org.hsqldb.server.CleanExit,CleanExit,Class,0,0,0,0,0,0,1,0,0,0,1,0,0,0,0,1,1,0,0,0,0,0,0,1,0,2,0,0,0,0,0,0,0,0,1,0,Yes
hsqldb,org.hsqldb.server.ServerConnection.ClientFailure,ClientFailure,Private Static Class,2,1,4,0,1,5,1,5,0,0,10,0,0,1,1,4,4,0,0,4,3,2,1,15,1,2,0,2,0,0,0,0,2,4,7,2,Yes
hsqldb,org.hsqldb.server.ServerConnection.HsqlInResultProcessor,HsqlInResultProcessor,Class,2,0,3,0,1,3,2,2,0,0,8,0,0,3,3,3,3,0,0,2,2,2,0,10,1,1,0,2,0,0,0,0,2,2,5,2,Yes
hsqldb,org.hsqldb.server.ServerConnection.OdbcInResultProcessor,OdbcInResultProcessor,Class,2,0,3,0,1,3,2,2,0,0,8,0,0,3,3,3,3,0,0,2,2,2,0,10,1,1,0,2,0,0,0,0,2,2,5,2,Yes
hsqldb,org.hsqldb.types.TypedComparator,TypedComparator,Public Class,6,1,5,0,2,6,3,11,0,0,34,7,0.21,3,3,10,10,0,0,14,13,6,3,52,3,1,1,6,50,50,0,0,6,13,23,9,No
hsqldb,org.hsqldb.StatementResultUpdate,StatementResultUpdate,Public Class,104,6,19,1,3,26,1,50,0,0,140,13,0.09,23,23,33,30,5,0,96,77,7,3,203,9,4,3,7,71,52,0,0,2,78,96,24,No
hsqldb,org.hsqldb.TablePeriodWorks,TablePeriodWorks,Class,8,3,7,0,2,10,1,30,0,0,62,8,0.13,10,10,19,19,7,0,34,32,8,2,100,3,1,2,8,31,31,0,0,1,28,45,16,No
hsqldb,org.hsqldb.StatementManager.StatementComparator,StatementComparator,Private Static Class,3,0,5,0,1,5,2,4,0,0,17,0,0,3,3,5,4,0,0,8,3,3,0,21,1,1,0,3,0,0,0,0,3,3,7,3,No
hsqldb,org.hsqldb.StatementManager.StatementWrapper,StatementWrapper,Private Static Class,0,0,0,0,0,0,1,1,0,0,9,0,0,4,4,8,8,0,0,0,0,0,7,10,0,1,0,0,0,0,0,0,0,7,8,0,No
hsqldb,org.hsqldb.test.AllTests,AllTests,Public Class,2,2,18,1,1,20,1,6,2,0,37,2,0.05,28,28,4,4,0,0,31,29,0,0,44,1,1,0,2,0,0,0,0,2,29,32,2,No
hsqldb,org.hsqldb.test.TestCollation,TestCollation,Public Class,15,5,16,3,3,23,1,46,1,0,131,29,0.22,12,12,39,37,0,0,93,65,7,4,206,10,3,3,8,66,63,0,4,4,65,91,25,No
hsqldb,org.hsqldb.test.TestDatabaseMetaData,TestDatabaseMetaData,Public Class,11,14,45,3,5,61,1,59,0,0,182,10,0.05,13,13,42,38,0,0,151,131,4,0,251,10,3,3,4,0,0,0,0,4,126,143,18,No
hsqldb,org.hsqldb.test.TestDateTime,TestDateTime,Public Class,12,14,34,9,1,56,1,73,0,0,170,51,0.3,11,11,65,57,0,0,140,82,5,0,294,1,3,0,5,0,0,0,1,4,118,124,5,No
hsqldb,org.hsqldb.test.TestPeriodPredicates,TestPeriodPredicates,Public Class,46,2,19,5,1,26,1,118,0,0,731,207,0.28,14,14,460,192,0,0,379,71,39,4,1056,2,3,1,39,53,53,0,1,38,210,251,40,No
hsqldb,org.hsqldb.test.TestINPredicateParameterizationAndCorrelation,TestINPredicateParameterizationAndCorrelation,Public Class,10,18,36,2,2,56,1,57,1,0,109,15,0.14,9,9,15,16,0,0,90,83,2,0,181,2,3,1,3,0,0,0,0,3,91,97,5,No
hsqldb,org.hsqldb.test.TestJDBCGeneratedColumns,TestJDBCGeneratedColumns,Public Class,13,17,37,1,4,55,1,110,0,0,226,3,0.01,7,7,39,34,0,0,194,153,6,0,336,8,3,2,6,0,0,1,0,5,150,174,23,No
hsqldb,org.hsqldb.test.TestLikePredicateOptimizations,TestLikePredicateOptimizations,Public Class,10,32,58,3,4,93,1,100,1,0,177,17,0.1,9,9,20,21,0,0,152,148,2,0,294,8,3,1,3,0,0,0,0,3,154,166,11,No
hsqldb,org.hsqldb.test.TestLobs,TestLobs,Public Class,22,16,45,1,6,62,1,263,0,0,686,50,0.07,21,21,173,165,0,0,570,461,15,2,999,19,3,4,15,13,13,0,2,13,471,557,85,No
hsqldb,org.hsqldb.test.TestMerge,TestMerge,Public Class,24,4,16,2,2,22,1,77,2,0,273,44,0.16,11,11,42,40,0,0,218,118,15,3,394,3,3,2,17,67,67,1,2,14,108,142,33,No
hsqldb,org.hsqldb.test.TestMultiInsert,TestMultiInsert,Public Class,13,3,13,1,2,17,1,24,1,0,81,11,0.14,11,11,18,18,0,0,60,52,5,3,116,3,3,2,6,61,61,1,2,3,52,65,12,No
hsqldb,org.hsqldb.test.TestSql,TestSql,Public Class,20,15,48,3,4,66,1,210,1,2,640,40,0.06,18,18,129,117,0,0,527,440,12,4,889,18,3,3,13,77,77,0,2,11,468,510,57,Yes
hsqldb,org.hsqldb.test.TestStoredProcedure,TestStoredProcedure,Public Class,24,9,20,0,2,29,1,164,8,0,357,8,0.02,14,14,106,82,0,0,285,243,9,1,529,5,3,1,17,94,94,0,1,16,239,270,30,No
hsqldb,org.hsqldb.test.TestTextTable,TestTextTable,Public Class,22,4,17,5,2,25,1,103,1,0,358,75,0.21,12,12,80,71,0,0,269,146,14,4,535,5,3,3,15,67,48,10,1,4,158,203,30,No
hsqldb,org.hsqldb.test.TestTextTables,TestTextTables,Public Class,22,6,14,0,1,20,1,104,0,2,216,6,0.03,12,12,59,59,4,0,177,163,15,0,326,4,3,1,15,93,80,1,1,9,167,188,20,Yes
hsqldb,org.hsqldb.test.TestViewAsterisks,TestViewAsterisks,Public Class,28,3,16,6,2,24,1,77,1,0,343,131,0.38,10,10,49,40,0,0,268,114,20,2,550,5,3,3,21,83,26,16,1,4,104,141,36,No
hsqldb,org.hsqldb.test.TestUpdatableResults,TestUpdatableResults,Public Class,9,11,37,0,4,48,1,23,0,0,76,0,0,7,7,10,9,0,0,63,56,2,0,99,7,3,2,2,0,0,0,0,2,52,61,8,No
hsqldb,org.hsqldb.test.TestUpdatableResultSets,TestUpdatableResultSets,Public Class,13,14,36,0,5,50,1,88,0,0,222,2,0.01,14,14,52,51,0,0,179,150,6,2,312,10,3,3,6,33,33,0,1,5,141,172,30,No
hsqldb,org.hsqldb.test.TestTriggers,TestTriggers,Public Class,19,1,9,0,2,10,1,29,0,1,113,4,0.04,10,10,17,17,3,0,80,70,12,1,146,5,3,1,12,75,67,4,0,5,66,85,18,No
hsqldb,org.hsqldb.test.TestJDBCSavepoints,TestJDBCSavepoints,Public Class,6,19,43,19,6,81,1,122,1,0,271,129,0.48,11,11,39,38,0,0,215,190,5,8,521,23,2,2,6,67,67,0,2,4,200,228,34,No
hsqldb,org.hsqldb.test.TestPreparedStatements,TestPreparedStatements,Public Class,10,10,21,2,2,33,1,121,0,0,287,23,0.08,12,12,97,72,0,0,237,155,10,2,431,11,2,7,10,50,50,0,1,9,165,191,22,No
hsqldb,org.hsqldb.test.TestPreparedSubQueries,TestPreparedSubQueries,Public Class,5,14,30,0,5,45,1,83,0,0,189,4,0.02,8,8,53,37,0,0,147,111,5,3,276,9,2,4,5,60,60,0,1,4,106,131,23,No
hsqldb,org.hsqldb.test.TestSubselect,TestSubselect,Public Class,21,2,12,2,1,17,1,73,2,4,256,75,0.29,9,9,112,76,1,0,173,60,19,1,404,2,2,1,21,14,14,1,3,16,104,129,24,No
hsqldb,org.hsqldb.test.TestCascade,TestCascade,Public Class,7,3,12,1,2,16,1,30,3,0,87,16,0.18,8,8,40,21,0,0,61,40,4,1,130,2,2,1,7,57,57,3,2,2,40,53,12,No
hsqldb,org.hsqldb.test.TestGroupByHaving,TestGroupByHaving,Public Class,12,4,14,5,2,22,1,58,1,4,175,79,0.45,9,9,50,38,0,0,129,60,11,2,312,11,2,3,12,75,50,2,3,7,72,98,28,No
hsqldb,org.hsqldb.test.TestSqlPersistent,TestSqlPersistent,Public Class,8,15,43,9,4,66,1,125,1,0,351,76,0.22,21,21,76,71,0,0,305,213,7,5,552,9,2,3,8,68,63,1,2,5,233,261,28,No
hsqldb,org.hsqldb.test.TestDataCube,TestDataCube,Public Class,75,1,27,6,1,34,1,167,1,4,2064,496,0.24,9,9,348,225,0,0,1834,143,74,2,2727,12,2,3,75,95,50,3,3,69,278,368,91,No
hsqldb,org.hsqldb.test.BlaineTrig,BlaineTrig,Public Class,2,0,4,0,1,4,2,2,1,0,9,0,0,1,1,4,3,0,0,2,2,1,0,11,1,1,0,2,0,0,0,0,2,2,5,2,No
hsqldb,org.hsqldb.test.ClearTests,ClearTests,Class,1,1,13,0,1,14,1,2,1,0,15,0,0,1,1,2,2,0,0,11,11,0,0,17,1,1,0,1,0,0,0,0,1,11,13,1,No
hsqldb,org.hsqldb.test.TestUtil,TestUtil,Public Class,14,5,15,6,4,26,1,88,14,6,236,100,0.42,34,34,56,52,4,1,159,116,0,0,421,18,1,4,14,86,43,2,1,7,100,149,53,No
hsqldb,org.hsqldb.test.JDBCBench,JDBCBench,Class,12,15,47,3,9,65,1,256,5,17,790,54,0.07,17,17,123,117,3,0,630,519,7,4,1087,42,1,4,12,82,69,0,0,9,472,608,102,Yes
hsqldb,org.hsqldb.test.JDBCBench.ClientThread,ClientThread,Class,3,14,53,0,8,67,1,46,0,0,168,5,0.03,8,8,23,22,1,0,137,124,3,7,217,10,2,3,3,5,5,0,0,2,113,138,24,Yes
hsqldb,org.hsqldb.test.JDBCBench.MemoryWatcherThread,MemoryWatcherThread,Static Class,4,2,7,0,2,9,1,13,0,0,33,1,0.03,1,1,13,13,0,0,20,15,4,3,46,5,2,2,4,42,25,0,0,4,15,24,8,Yes
hsqldb,org.hsqldb.test.odbc.TestOdbcBase,TestOdbcBase,Public Abstract Class,7,4,16,4,3,24,1,36,3,7,123,48,0.39,16,16,25,23,3,2,90,60,4,1,206,6,1,2,7,75,75,0,2,2,54,77,19,Yes
hsqldb,org.hsqldb.test.odbc.TestOdbcService,TestOdbcService,Public Class,28,2,18,1,1,21,1,73,3,0,371,39,0.11,11,11,78,44,0,0,291,263,18,0,480,3,2,2,21,0,0,0,1,20,257,288,30,No
hsqldb,org.hsqldb.test.odbc.TestOdbcTypes,TestOdbcTypes,Public Class,56,6,31,1,5,38,1,358,3,0,1533,114,0.07,17,17,293,205,0,0,1195,897,46,0,1997,7,2,3,49,0,0,0,1,48,819,1047,227,No
hsqldb,org.hsqldb.test.TestAcl,TestAcl,Public Class,17,5,15,0,2,20,1,108,2,0,267,5,0.02,14,14,50,61,0,0,193,166,15,10,380,14,2,2,17,78,66,1,0,16,178,219,41,No
hsqldb,org.hsqldb.test.TestAllTypes,TestAllTypes,Public Class,8,10,34,3,4,47,1,94,1,0,293,29,0.1,12,12,81,73,1,0,247,172,7,19,416,11,1,3,8,79,68,2,3,2,190,223,35,No
hsqldb,org.hsqldb.test.TestBench,TestBench,Class,14,14,42,2,6,58,1,318,4,3,917,71,0.08,16,16,171,165,5,0,724,562,10,22,1290,26,1,3,14,89,80,0,0,9,553,696,81,No
hsqldb,org.hsqldb.test.TestBench.ClientThread,ClientThread,Class,5,11,35,3,6,49,1,60,0,0,185,19,0.1,7,7,27,26,3,0,142,115,5,7,262,15,2,4,5,37,23,0,0,2,103,136,32,No
hsqldb,org.hsqldb.test.TestBench.ClientThreadProcedure,ClientThreadProcedure,Class,4,6,20,0,4,26,1,29,0,0,85,5,0.06,7,7,18,16,2,0,61,51,4,3,117,7,2,3,4,25,17,0,0,2,47,63,15,No
hsqldb,org.hsqldb.test.TestBench.MemoryWatcherThread,MemoryWatcherThread,Static Class,4,2,7,0,2,10,1,14,0,0,34,1,0.03,1,1,13,13,0,0,21,16,4,3,48,5,2,2,4,42,25,0,0,4,16,25,8,No
hsqldb,org.hsqldb.test.TestCacheSize,TestCacheSize,Public Class,25,8,26,2,4,36,1,241,2,0,677,85,0.13,14,14,203,184,11,0,553,393,23,28,1003,11,1,3,25,86,77,9,3,2,424,511,88,No
hsqldb,org.hsqldb.test.TestConnectionSettings.TestConnectionSettingsFile,TestConnectionSettingsFile,Class,4,0,3,0,1,3,2,4,0,0,15,0,0,2,2,5,5,0,0,5,4,4,0,19,1,1,0,4,0,0,0,0,4,4,9,4,No
hsqldb,org.hsqldb.test.TestConnectionSettings.TestConnectionSettingsHttpServerMem,TestConnectionSettingsHttpServerMem,Class,4,0,3,0,1,3,2,4,0,0,15,1,0.07,1,1,6,5,0,0,4,4,4,0,19,1,1,0,4,0,0,0,0,4,4,9,4,No
hsqldb,org.hsqldb.test.TestConnectionSettings.TestConnectionSettingsHttpServletMem,TestConnectionSettingsHttpServletMem,Class,4,0,3,0,1,3,2,4,0,0,15,1,0.07,1,1,6,5,0,0,4,4,4,0,19,1,1,0,4,0,0,0,0,4,4,9,4,No
hsqldb,org.hsqldb.test.TestConnectionSettings.TestConnectionSettingsServerFile,TestConnectionSettingsServerFile,Class,4,0,3,0,1,3,2,4,0,0,15,1,0.07,2,2,5,5,0,0,5,4,4,0,19,1,1,0,4,0,0,0,0,4,4,9,4,No
hsqldb,org.hsqldb.test.TestConnectionSettings.TestConnectionSettingsServerMem,TestConnectionSettingsServerMem,Class,4,0,3,0,1,3,2,4,0,0,14,1,0.07,1,1,5,5,0,0,4,4,4,0,18,1,1,0,4,0,0,0,0,4,4,9,4,No
hsqldb,org.hsqldb.test.TestDirectorySettings,TestDirectorySettings,Public Class,0,0,0,0,0,0,1,1,0,4,6,2,0.33,1,1,5,5,0,0,4,0,0,0,7,0,1,0,0,0,0,0,0,0,4,5,0,No
hsqldb,org.hsqldb.test.TestDataStructures,TestDataStructures,Public Class,11,8,28,2,6,38,1,105,1,9,326,28,0.09,14,14,58,75,0,0,246,214,10,2,456,30,2,4,11,77,55,4,0,7,209,271,67,No
hsqldb,org.hsqldb.test.TestDatetimeSimple,TestDatetimeSimple,Public Class,7,10,29,4,2,42,1,81,3,1,214,32,0.15,15,15,41,33,0,0,176,141,4,1,318,6,2,2,7,79,71,0,0,7,143,160,15,Yes
hsqldb,org.hsqldb.test.TestDbBackup,TestDbBackup,Public Class,19,5,21,3,3,30,1,134,2,2,447,70,0.16,21,21,69,51,0,0,331,216,17,5,651,17,2,3,19,80,59,0,6,13,172,247,64,Yes
hsqldb,org.hsqldb.test.TestDbBackup.(Anon_1),(Anon_1),Anonymous Class,1,4,9,2,2,15,1,6,0,0,11,2,0.18,3,3,2,3,0,0,9,4,1,1,19,2,2,1,1,0,0,0,0,1,4,6,2,Yes
hsqldb,org.hsqldb.test.TestDbBackup.(Anon_2),(Anon_2),Anonymous Class,1,4,9,2,2,15,1,6,0,0,11,2,0.18,3,3,2,3,0,0,9,4,1,1,19,2,2,1,1,0,0,0,0,1,4,6,2,Yes
hsqldb,org.hsqldb.test.TestHarness,TestHarness,Public Class,9,5,17,0,2,22,1,54,1,0,160,5,0.03,15,15,34,36,0,0,120,99,8,2,219,4,2,3,9,67,22,1,6,2,89,116,21,No
hsqldb,org.hsqldb.test.TestHarness.TestHarness.(Anon_1),(Anon_1),Anonymous Class,1,0,3,0,1,3,1,1,0,0,4,0,0,2,2,0,1,0,0,3,1,1,0,5,1,2,0,1,0,0,0,0,1,1,2,1,No
hsqldb,org.hsqldb.test.TestHarness.initComponents.(Anon_2),(Anon_2),Anonymous Class,1,0,3,0,1,3,1,1,0,0,4,0,0,2,2,0,1,0,0,3,1,1,0,5,1,2,0,1,0,0,0,0,1,1,2,1,No
hsqldb,org.hsqldb.test.TestHarness.initComponents.(Anon_3),(Anon_3),Anonymous Class,1,0,3,0,1,3,1,1,0,0,4,0,0,2,2,0,1,0,0,3,1,1,0,5,1,2,0,1,0,0,0,0,1,1,2,1,No
hsqldb,org.hsqldb.test.TestHarness.initComponents.(Anon_4),(Anon_4),Anonymous Class,1,0,3,0,1,3,1,1,0,0,4,0,0,2,2,0,1,0,0,3,1,1,0,5,1,2,0,1,0,0,0,0,1,1,2,1,No
hsqldb,org.hsqldb.test.TestHarness.initComponents.(Anon_5),(Anon_5),Anonymous Class,1,0,3,0,1,3,1,1,0,0,4,0,0,1,1,0,1,0,0,3,1,1,0,5,1,2,0,1,0,0,0,0,1,1,2,1,No
hsqldb,org.hsqldb.test.TestHashStructures,TestHashStructures,Public Class,24,5,17,0,3,22,1,150,1,0,401,13,0.03,14,14,134,117,17,0,273,273,23,1,563,6,2,3,24,58,33,0,0,7,258,329,72,No
hsqldb,org.hsqldb.test.TestHTTPKeepAlive,TestHTTPKeepAlive,Public Class,12,4,10,0,2,14,1,37,1,2,92,10,0.11,11,11,24,25,0,0,63,54,4,2,138,2,3,1,5,75,75,0,2,3,49,68,8,Yes
hsqldb,org.hsqldb.test.TestHTTPKeepAlive.KeepAliveThread,KeepAliveThread,Class,1,4,21,0,5,25,1,5,0,0,23,0,0,5,5,4,5,0,0,15,12,1,0,28,5,2,3,1,0,0,0,0,1,10,16,5,Yes
hsqldb,org.hsqldb.test.TestHTTPKeepAlive.TimeoutThread,TimeoutThread,Class,1,4,11,1,3,15,1,5,0,0,13,1,0.08,3,3,3,3,0,0,8,7,1,0,18,3,2,2,1,0,0,0,0,1,5,9,3,Yes
hsqldb,org.hsqldb.test.TestInstantiation,TestInstantiation,Public Class,2,2,12,0,3,14,1,6,1,0,25,7,0.28,7,7,7,7,0,0,13,10,1,0,38,4,1,2,2,0,0,0,0,2,12,17,5,No
hsqldb,org.hsqldb.test.TestJavaFunctions,TestJavaFunctions,Public Class,25,4,13,0,2,17,1,90,10,0,228,8,0.04,27,27,66,53,1,0,164,127,8,0,326,5,3,1,18,0,0,1,1,15,117,151,33,No
hsqldb,org.hsqldb.test.TestKarl,TestKarl,Public Class,6,9,27,1,4,37,1,63,6,3,165,11,0.07,15,15,37,35,0,0,132,118,0,0,239,9,1,3,6,0,0,5,0,1,116,137,22,No
hsqldb,org.hsqldb.test.TestLibSpeed,TestLibSpeed,Public Class,2,15,39,0,9,54,1,37,1,7,159,3,0.02,7,7,81,39,0,0,102,84,1,0,199,16,1,3,2,50,0,0,0,2,88,107,17,Yes
hsqldb,org.hsqldb.test.TestNullInUnion,TestNullInUnion,Public Class,1,5,36,1,1,41,1,6,0,0,38,1,0.03,5,5,7,5,0,0,34,28,1,0,44,1,2,0,1,0,0,0,0,1,28,30,1,No
hsqldb,org.hsqldb.test.TestPreparedStatements.sqlStmt,sqlStmt,Private Static Class,3,1,6,0,1,7,1,7,0,0,25,0,0,1,1,9,9,3,0,12,12,3,5,32,1,1,0,3,20,20,0,0,0,17,21,3,No
hsqldb,org.hsqldb.test.TestPreparedSubQueries.sqlStmt,sqlStmt,Private Static Class,1,1,5,0,1,6,1,3,0,0,10,0,0,1,1,5,5,1,0,3,3,1,3,13,1,1,0,1,0,0,0,0,0,6,8,1,No
hsqldb,org.hsqldb.test.TestQuotes,TestQuotes,Public Class,3,6,24,1,5,31,1,22,1,6,83,9,0.11,10,10,19,17,0,0,62,42,2,0,114,12,2,3,3,0,0,0,0,3,42,57,14,No
hsqldb,org.hsqldb.test.TestSchemaParse,TestSchemaParse,Public Class,28,3,27,5,1,34,1,111,3,4,766,157,0.2,11,11,59,57,0,0,695,437,25,3,987,4,2,2,28,89,64,5,2,21,447,487,38,No
hsqldb,org.hsqldb.test.TestScript,TestScript,Public Class,10,2,4,1,1,7,1,8,1,0,16,50,3.13,4,4,8,8,0,0,8,6,2,1,74,1,3,0,3,67,33,0,0,3,8,12,3,No
hsqldb,org.hsqldb.test.TestScriptRunner,TestScriptRunner,Class,7,1,26,6,7,33,1,23,2,3,260,42,0.16,22,22,46,49,0,0,200,148,5,3,324,22,1,3,7,74,66,0,1,6,130,187,49,Yes
hsqldb,org.hsqldb.test.TestScriptRunner.ScriptRun,ScriptRun,Private Class,4,0,11,0,3,11,1,4,0,0,51,0,0,11,11,9,9,0,0,36,22,4,4,55,5,2,2,4,50,50,0,0,4,22,31,10,Yes
hsqldb,org.hsqldb.util.RCData,RCData,Public Class,13,4,21,8,6,33,1,63,4,1,284,123,0.43,16,16,55,45,0,0,197,148,9,10,469,27,1,5,13,74,55,1,0,12,123,189,72,Yes
hsqldb,org.hsqldb.test.TestUtil.TestRuntimeException,TestRuntimeException,Static Class,3,0,3,0,1,3,1,3,0,0,11,0,0,2,2,4,4,0,0,3,3,3,0,14,1,2,0,3,0,0,0,0,3,3,7,3,No
hsqldb,org.hsqldb.test.TestScripts,TestScripts,Class,17,10,35,3,8,49,1,35,3,5,116,16,0.14,9,9,23,20,1,0,88,67,0,0,167,10,2,4,3,67,67,1,0,1,58,81,23,Yes
hsqldb,org.hsqldb.test.TestSqlPeriodPredicates,TestSqlPeriodPredicates,Public Class,23,4,15,1,2,20,1,80,0,0,235,28,0.12,14,14,53,49,0,0,187,120,16,1,343,6,3,2,16,25,25,2,0,14,128,153,24,No
hsqldb,org.hsqldb.test.TestSubQueriesInPreparedStatements,TestSubQueriesInPreparedStatements,Public Class,2,16,37,0,5,53,1,34,2,0,75,4,0.05,7,7,10,11,0,0,57,55,0,0,113,9,1,1,2,0,0,0,0,2,52,63,10,No
hsqldb,org.hsqldb.test.TestTextTable.TextTableDescriptor,TextTableDescriptor,Private Class,10,2,7,0,2,10,1,31,0,0,81,3,0.04,10,10,31,29,0,0,46,38,10,5,115,5,1,3,10,64,62,3,0,7,47,63,15,No
hsqldb,org.hsqldb.test.TriggerClass,TriggerClass,Public Class,3,0,4,0,1,4,2,4,2,2,16,0,0,5,5,8,6,0,0,5,4,1,0,20,1,1,0,3,67,67,0,0,3,6,10,3,Yes
hsqldb,org.hsqldb.test.TestTypeConversion,TestTypeConversion,Public Class,12,7,22,1,2,30,1,40,0,0,116,3,0.03,10,10,38,35,0,0,92,70,5,2,159,4,3,2,5,20,20,0,1,4,82,94,11,No
hsqldb,org.hsqldb.test.BlankParsedSection,BlankParsedSection,Class,13,1,4,0,1,5,1,4,0,0,9,1,0.11,2,2,3,3,0,0,3,3,2,0,14,1,2,0,2,0,0,0,2,0,3,6,2,No
hsqldb,org.hsqldb.test.CountParsedSection,CountParsedSection,Class,15,3,11,1,2,15,1,16,0,0,46,7,0.15,6,6,8,8,0,0,30,19,4,1,69,6,2,2,4,50,0,1,3,0,16,26,9,No
hsqldb,org.hsqldb.test.DisplaySection,DisplaySection,Class,13,5,10,1,3,16,1,12,0,0,22,3,0.14,4,4,5,6,0,0,13,14,2,0,37,4,2,2,2,0,0,0,2,0,12,18,5,No
hsqldb,org.hsqldb.test.ExceptionParsedSection,ExceptionParsedSection,Class,14,3,10,0,3,13,1,12,0,0,34,1,0.03,6,6,6,6,0,0,23,15,3,2,47,4,2,2,3,33,33,0,3,0,14,21,8,No
hsqldb,org.hsqldb.test.IgnoreParsedSection,IgnoreParsedSection,Class,13,2,4,3,1,8,1,5,0,0,9,7,0.78,2,2,3,3,0,0,3,3,2,0,21,1,2,0,2,0,0,0,2,0,3,6,2,No
hsqldb,org.hsqldb.test.ParsedSection,ParsedSection,Abstract Class,11,4,11,7,3,22,1,53,1,1,123,82,0.67,7,7,27,28,1,11,89,70,10,5,257,11,1,4,11,86,78,0,10,0,68,90,31,No
hsqldb,org.hsqldb.test.ProceedSection,ProceedSection,Class,14,6,13,2,3,20,1,23,0,1,47,9,0.19,7,7,13,13,0,0,32,26,3,2,77,4,2,2,3,44,44,0,3,0,25,34,8,No
hsqldb,org.hsqldb.test.ResultSetOutputParsedSection,ResultSetOutputParsedSection,Class,16,4,11,2,2,16,1,24,0,0,58,9,0.16,7,7,11,12,0,0,40,35,5,2,91,4,2,2,5,80,70,0,5,0,31,43,11,No
hsqldb,org.hsqldb.test.ResultSetParsedSection,ResultSetParsedSection,Class,15,13,38,5,9,55,1,55,0,0,158,19,0.12,10,10,24,32,0,0,118,89,4,3,231,28,2,7,4,50,50,0,4,0,76,111,35,No
hsqldb,org.hsqldb.test.SilentParsedSection,SilentParsedSection,Class,14,1,4,0,1,6,1,7,0,0,15,1,0.07,4,4,4,4,0,0,7,6,3,0,23,2,2,1,3,0,0,0,3,0,5,10,4,No
hsqldb,org.hsqldb.test.UpdateParsedSection,UpdateParsedSection,Class,15,2,8,0,2,10,1,12,0,0,36,3,0.08,5,5,6,6,0,0,22,14,4,1,51,4,2,2,4,50,0,1,3,0,12,20,7,No
hsqldb,org.hsqldb.test.WaitSection,WaitSection,Class,14,7,17,2,4,26,1,25,0,1,61,15,0.25,9,9,14,14,0,0,44,32,3,3,98,4,2,3,3,42,42,0,3,0,29,41,11,No
hsqldb,org.hsqldb.test.Waiter,Waiter,Public Class,6,0,8,2,2,10,1,5,1,1,53,31,0.58,5,5,13,13,0,0,39,28,5,4,86,6,1,2,6,53,50,1,0,5,25,39,13,No
hsqldb,org.hsqldb.TransactionManagerCommon,TransactionManagerCommon,Class,29,8,23,1,6,31,1,272,0,0,673,36,0.05,41,41,140,158,27,3,460,411,29,13,981,21,1,5,29,91,85,0,0,2,347,509,169,No
hsqldb,org.hsqldb.TriggerDef.DefaultTrigger,DefaultTrigger,Static Class,1,1,3,1,1,5,2,2,0,0,5,1,0.2,1,1,3,2,0,0,0,0,1,0,8,1,1,0,1,0,0,0,0,1,0,2,1,No
hsqldb,org.hsqldb.TriggerDef.TriggerData,TriggerData,Static Class,1,1,5,0,1,6,1,3,0,0,10,5,0.5,2,2,5,5,0,0,3,3,1,3,18,1,1,0,1,0,0,0,0,1,6,8,1,No
hsqldb,org.hsqldb.types.LongPair,LongPair,Public Final Class,1,0,4,0,1,4,1,2,0,0,8,0,0,0,0,4,4,0,0,2,2,1,2,10,1,1,0,1,0,0,0,0,1,4,6,1,No
hsqldb,org.hsqldb.types.BooleanType,BooleanType,Public Final Class,127,2,9,0,3,11,1,66,1,1,197,11,0.06,17,17,30,28,0,0,122,93,21,0,274,21,2,3,22,0,0,1,0,21,63,117,72,No
hsqldb,org.hsqldb.types.OtherType,OtherType,Public Final Class,126,1,5,0,2,6,1,42,1,1,103,10,0.1,11,11,24,23,0,0,47,44,20,0,155,4,2,1,21,0,0,1,0,20,33,66,33,No
hsqldb,org.hsqldb.util.CodeSwitcher,CodeSwitcher,Public Class,12,7,24,2,6,32,1,96,5,2,291,51,0.18,9,9,49,55,10,0,212,180,7,4,428,31,1,6,12,73,60,0,0,2,149,216,71,No
hsqldb,org.hsqldb.util.CommonSwing,CommonSwing,Final Class,6,2,15,3,4,20,1,20,6,6,98,73,0.74,12,12,18,17,4,0,77,45,0,0,191,12,1,2,6,100,100,0,0,2,35,60,24,Yes
hsqldb,org.hsqldb.util.ConnectionDialog,ConnectionDialog,Class,8,8,24,0,3,32,3,72,4,0,201,9,0.04,23,23,36,37,1,0,155,139,4,11,282,7,2,3,8,75,64,1,2,4,139,163,21,No
hsqldb,org.hsqldb.util.ConnectionDialog.create.(Anon_1),(Anon_1),Anonymous Class,1,2,12,0,2,14,1,3,0,0,13,0,0,4,4,3,3,0,0,10,8,1,0,16,2,2,1,1,0,0,0,0,1,7,9,2,No
hsqldb,org.hsqldb.util.ConnectionDialog.create.(Anon_2),(Anon_2),Anonymous Class,1,3,7,0,1,10,1,4,0,0,8,0,0,4,4,0,1,0,0,7,5,1,0,12,1,2,0,1,0,0,0,0,1,5,6,1,No
hsqldb,org.hsqldb.util.ConnectionSetting,ConnectionSetting,Public Class,9,1,5,0,1,5,2,16,0,0,44,7,0.16,1,1,13,12,6,0,20,18,9,5,67,4,1,1,9,78,73,1,0,2,17,30,13,No
hsqldb,org.hsqldb.util.ConnectionDialogCommon,ConnectionDialogCommon,Final Class,6,7,18,8,5,33,1,53,6,6,168,66,0.39,14,14,58,21,4,0,112,61,0,0,277,13,1,3,6,67,58,1,0,1,49,76,29,Yes
hsqldb,org.hsqldb.util.ConnectionDialogSwing,ConnectionDialogSwing,Class,9,7,24,1,3,32,3,71,4,2,228,23,0.1,26,26,44,40,1,0,184,171,5,9,322,11,2,3,9,76,67,2,0,6,163,190,27,No
hsqldb,org.hsqldb.util.CSVWriter,CSVWriter,Class,6,3,7,3,2,13,1,22,0,0,49,31,0.63,6,6,14,16,0,0,29,27,6,3,102,4,1,2,6,72,39,2,0,4,26,39,12,No
hsqldb,org.hsqldb.util.DataAccessPoint,DataAccessPoint,Class,19,0,3,0,1,4,2,26,0,0,68,8,0.12,9,9,28,23,16,2,24,22,19,3,102,2,1,1,19,84,84,0,0,3,23,45,21,No
hsqldb,org.hsqldb.util.TransferHelper,TransferHelper,Class,17,1,7,0,2,8,1,41,0,0,120,6,0.05,13,13,36,28,17,6,61,55,17,5,167,7,1,5,17,81,80,0,0,0,46,79,32,No
hsqldb,org.hsqldb.util.TransferResultSet,TransferResultSet,Class,8,3,11,0,3,14,1,34,0,0,95,6,0.06,5,5,17,18,8,0,61,53,8,6,135,6,1,4,8,40,38,0,0,0,50,71,20,No
hsqldb,org.hsqldb.util.TransferTable,TransferTable,Class,7,10,41,0,10,51,2,78,0,0,292,10,0.03,8,8,30,28,6,0,221,162,7,5,380,28,1,4,7,54,49,1,0,0,114,183,68,No
hsqldb,org.hsqldb.util.HelperFactory,HelperFactory,Class,2,2,11,0,4,13,1,6,1,0,24,5,0.21,8,8,4,4,2,0,18,15,1,0,35,7,1,1,2,0,0,0,0,0,10,19,8,No
hsqldb,org.hsqldb.util.DataAccessPointException,DataAccessPointException,Class,2,0,3,0,1,3,1,2,0,0,8,5,0.63,1,1,3,3,0,0,2,2,2,0,15,1,2,0,2,0,0,0,0,2,2,5,2,No
hsqldb,org.hsqldb.util.Grid,Grid,Class,23,4,11,0,2,14,1,114,1,0,265,26,0.1,12,12,58,63,3,0,174,160,22,25,405,12,2,3,23,86,76,4,0,16,172,221,54,No
hsqldb,org.hsqldb.util.Tree,Tree,Class,17,5,13,0,3,18,1,100,1,4,239,22,0.09,12,12,65,64,2,0,165,134,16,15,360,11,2,3,17,83,71,1,0,14,156,193,44,No
hsqldb,org.hsqldb.util.DatabaseManagerCommon,DatabaseManagerCommon,Final Class,8,3,17,1,3,21,1,38,7,15,232,25,0.11,9,9,96,46,7,0,161,56,1,0,287,7,1,3,8,100,100,1,0,0,70,93,22,Yes
hsqldb,org.hsqldb.util.Transfer,Transfer,Public Class,30,7,25,0,5,33,5,247,2,10,797,21,0.03,36,36,115,113,1,0,632,554,28,39,1065,25,2,4,30,85,54,15,1,13,496,630,139,Yes
hsqldb,org.hsqldb.util.DatabaseManagerSwing,DatabaseManagerSwing,Public Class,57,8,26,3,5,37,5,614,3,27,1902,288,0.15,84,84,414,385,3,0,1444,1131,54,72,2794,64,2,6,57,96,90,24,5,25,1048,1394,295,Yes
hsqldb,org.hsqldb.util.DatabaseManagerSwing.(Anon_11),(Anon_11),Anonymous Class,1,0,0,0,2,0,1,0,0,0,0,0,0,2,2,0,1,0,0,0,4,1,0,0,2,2,1,1,0,0,0,0,1,3,5,2,Yes
hsqldb,org.hsqldb.util.DatabaseManagerSwing.(Anon_5),(Anon_5),Anonymous Class,1,0,4,0,1,4,1,1,0,0,5,0,0,1,1,1,1,0,0,4,2,1,0,6,1,2,0,1,0,0,0,0,1,2,3,1,Yes
hsqldb,org.hsqldb.util.DatabaseManagerSwing.(Anon_6),(Anon_6),Anonymous Class,1,0,4,0,1,4,1,1,0,0,5,0,0,1,1,1,1,0,0,4,2,1,0,6,1,2,0,1,0,0,0,0,1,2,3,1,Yes
hsqldb,org.hsqldb.util.DatabaseManagerSwing.(Anon_7),(Anon_7),Anonymous Class,1,5,16,1,6,21,1,6,0,0,17,1,0.06,4,4,2,2,0,0,12,8,1,0,23,6,2,2,1,0,0,0,0,1,5,10,6,Yes
hsqldb,org.hsqldb.util.DatabaseManagerSwing.(Anon_8),(Anon_8),Anonymous Class,1,2,10,0,2,12,1,3,0,0,11,0,0,3,3,1,1,0,0,9,5,1,0,14,2,2,1,1,0,0,0,0,1,4,6,2,Yes
hsqldb,org.hsqldb.util.DatabaseManagerSwing.DBMPrefs,DBMPrefs,Public Static Class,3,9,28,1,8,38,1,34,0,0,94,16,0.17,9,9,17,17,0,0,72,50,3,8,144,11,1,2,3,29,0,0,0,3,46,63,23,Yes
hsqldb,org.hsqldb.util.DatabaseManagerSwing.PopupListener,PopupListener,Private Class,4,7,29,3,6,40,2,34,0,3,128,18,0.14,7,7,36,33,1,0,84,65,4,6,180,20,1,4,4,67,17,0,0,3,67,91,23,Yes
hsqldb,org.hsqldb.util.DatabaseManagerSwing.StatementExecRunnable,StatementExecRunnable,Protected Class,1,5,18,1,3,24,2,6,0,0,20,1,0.05,4,4,2,2,0,0,14,11,1,0,27,3,1,2,1,0,0,0,0,1,9,13,3,Yes
hsqldb,org.hsqldb.util.DatabaseManagerSwing.createToolBar.(Anon_10),(Anon_10),Anonymous Class,1,0,3,0,1,3,1,1,0,0,4,0,0,2,2,0,1,0,0,3,1,1,0,5,1,2,0,1,0,0,0,0,1,1,2,1,Yes
hsqldb,org.hsqldb.util.DatabaseManagerSwing.createToolBar.(Anon_9),(Anon_9),Anonymous Class,1,3,8,0,2,11,1,4,0,0,9,0,0,3,3,0,1,0,0,7,4,1,0,13,2,2,1,1,0,0,0,0,1,3,5,2,Yes
hsqldb,org.hsqldb.util.DatabaseManagerSwing.main.(Anon_1),(Anon_1),Anonymous Class,1,0,3,0,1,3,1,1,0,0,4,0,0,2,2,0,1,0,0,3,1,1,0,5,1,2,0,1,0,0,0,0,1,1,2,1,Yes
hsqldb,org.hsqldb.util.DatabaseManagerSwing.main.(Anon_2),(Anon_2),Anonymous Class,1,1,5,0,1,6,1,2,0,0,6,0,0,3,3,0,1,0,0,5,1,1,0,8,1,2,0,1,0,0,0,0,1,1,2,1,Yes
hsqldb,org.hsqldb.util.DatabaseManagerSwing.main.(Anon_3),(Anon_3),Anonymous Class,1,1,5,0,1,6,1,2,0,0,6,0,0,3,3,0,1,0,0,5,1,1,0,8,1,2,0,1,0,0,0,0,1,1,2,1,Yes
hsqldb,org.hsqldb.util.DatabaseManagerSwing.main.(Anon_4),(Anon_4),Anonymous Class,1,2,4,0,1,6,1,3,0,0,5,0,0,2,2,0,1,0,0,4,2,1,0,8,1,2,0,1,0,0,0,0,1,2,3,1,Yes
hsqldb,org.hsqldb.util.GridSwing,GridSwing,Class,14,1,7,3,2,11,1,33,1,0,97,51,0.53,12,12,30,32,0,0,50,46,13,3,178,4,2,3,14,67,67,0,0,14,49,73,23,No
hsqldb,org.hsqldb.util.TableSorter,TableSorter,Public Class,27,1,6,0,2,8,1,130,0,6,348,86,0.25,21,21,105,101,0,0,203,172,27,8,563,4,2,2,27,87,72,6,2,19,164,245,48,No
hsqldb,org.hsqldb.util.FontDialogSwing,FontDialogSwing,Class,5,10,32,6,2,48,1,59,5,11,174,35,0.2,16,16,44,43,0,0,137,93,0,0,268,4,2,2,5,54,54,0,0,5,98,118,11,No
hsqldb,org.hsqldb.util.FontDialogSwing.creatFontDialog.(Anon_1),(Anon_1),Anonymous Class,1,0,3,0,1,3,1,1,0,0,4,0,0,2,2,0,1,0,0,3,1,1,0,5,1,2,0,1,0,0,0,0,1,1,2,1,No
hsqldb,org.hsqldb.util.FontDialogSwing.creatFontDialog.(Anon_2),(Anon_2),Anonymous Class,1,0,3,0,1,3,1,1,0,0,4,0,0,2,2,0,1,0,0,3,1,1,0,5,1,2,0,1,0,0,0,0,1,1,2,1,No
hsqldb,org.hsqldb.util.FontDialogSwing.creatFontDialog.(Anon_3),(Anon_3),Anonymous Class,1,0,3,0,1,3,1,1,0,0,4,0,0,2,2,0,1,0,0,3,1,1,0,5,1,2,0,1,0,0,0,0,1,1,2,1,No
hsqldb,org.hsqldb.util.FontDialogSwing.creatFontDialog.(Anon_4),(Anon_4),Anonymous Class,1,0,3,0,1,3,1,1,0,0,4,0,0,2,2,0,1,0,0,3,1,1,0,5,1,2,0,1,0,0,0,0,1,1,2,1,No
hsqldb,org.hsqldb.util.FontDialogSwing.creatFontDialog.(Anon_5),(Anon_5),Anonymous Class,1,0,3,0,1,3,1,1,0,0,4,0,0,2,2,0,1,0,0,3,1,1,0,5,1,2,0,1,0,0,0,0,1,1,2,1,No
hsqldb,org.hsqldb.util.FontDialogSwing.creatFontDialog.(Anon_6),(Anon_6),Anonymous Class,1,0,3,0,1,3,1,1,0,0,4,0,0,2,2,0,1,0,0,3,1,1,0,5,1,2,0,1,0,0,0,0,1,1,2,1,No
hsqldb,org.hsqldb.util.FontDialogSwing.creatFontDialog.(Anon_7),(Anon_7),Anonymous Class,1,1,5,0,2,6,1,2,0,0,6,0,0,3,3,0,1,0,0,4,2,1,0,8,2,2,1,1,0,0,0,0,1,1,3,2,No
hsqldb,org.hsqldb.util.HsqldbTransferHelper,HsqldbTransferHelper,Class,25,1,6,0,1,7,1,17,0,0,47,7,0.15,7,7,18,10,6,0,18,15,8,0,71,2,2,1,8,0,0,0,0,2,13,25,11,No
hsqldb,org.hsqldb.util.PostgresTransferHelper,PostgresTransferHelper,Class,24,3,11,0,3,15,1,30,0,2,89,7,0.08,10,10,29,25,7,0,56,43,7,1,126,5,2,2,7,71,71,0,0,0,41,60,18,No
hsqldb,org.hsqldb.util.McKoiTransferHelper,McKoiTransferHelper,Class,22,1,5,0,1,7,1,11,0,0,29,7,0.24,7,7,11,7,4,0,11,9,5,0,47,2,2,1,5,0,0,0,0,1,8,16,7,No
hsqldb,org.hsqldb.util.InformixTransferHelper,InformixTransferHelper,Class,22,2,6,1,2,9,1,13,0,0,32,12,0.38,4,4,7,6,3,0,17,17,5,0,57,3,2,1,5,0,0,0,0,2,13,23,9,No
hsqldb,org.hsqldb.util.OracleTransferHelper,OracleTransferHelper,Class,25,3,11,0,2,15,1,34,0,2,100,8,0.08,9,9,34,27,8,0,62,47,8,1,142,5,2,2,8,75,63,0,0,0,46,66,19,No
hsqldb,org.hsqldb.util.SqlServerTransferHelper,SqlServerTransferHelper,Class,23,3,10,0,3,13,1,23,0,0,64,7,0.11,5,5,9,9,6,0,41,38,6,2,94,6,2,2,6,67,67,0,0,0,28,47,18,No
hsqldb,org.hsqldb.util.TransferDb,TransferDb,Class,37,8,36,1,7,45,1,171,0,0,658,62,0.09,19,19,90,84,15,0,513,337,18,3,891,54,2,6,18,57,57,1,0,2,274,401,126,No
hsqldb,org.hsqldb.util.JDBCTypes,JDBCTypes,Class,4,2,20,1,1,22,1,12,0,7,90,9,0.1,3,3,15,15,1,0,78,64,4,2,111,1,1,0,4,38,38,0,0,3,73,78,4,No
hsqldb,org.hsqldb.util.MainInvoker,MainInvoker,Public Class,3,3,16,8,3,28,1,15,3,3,65,38,0.58,9,9,21,13,0,0,40,25,0,0,118,7,1,4,3,33,33,1,0,2,25,36,10,No
hsqldb,org.hsqldb.util.SQLStatements,SQLStatements,Class,0,0,0,0,0,0,2,1,0,0,17,8,0.47,1,1,16,16,0,0,10,0,0,23,26,0,1,0,0,0,0,0,0,0,15,16,0,No
hsqldb,org.hsqldb.util.preprocessor.BasicResolver,BasicResolver,Public Class,5,0,14,2,4,16,2,7,1,0,73,19,0.26,6,6,15,12,0,0,50,37,4,1,99,12,1,2,5,60,20,0,0,5,25,45,20,No
hsqldb,org.hsqldb.util.preprocessor.Defines,Defines,Public Class,10,2,14,4,3,19,1,28,0,0,141,47,0.33,10,10,31,28,0,0,96,59,10,1,211,10,1,2,10,30,10,0,0,10,50,73,27,No
hsqldb,org.hsqldb.util.preprocessor.Tokenizer,Tokenizer,Public Class,11,3,13,0,3,16,1,44,0,0,153,9,0.06,6,6,25,24,1,0,104,74,11,5,204,23,1,2,11,51,45,0,0,10,69,96,38,No
hsqldb,org.hsqldb.util.preprocessor.Parser,Parser,Class,7,5,24,2,4,30,1,45,1,0,173,31,0.18,6,6,22,21,7,0,123,71,6,2,242,7,1,2,7,29,14,0,0,0,64,84,29,No
hsqldb,org.hsqldb.util.preprocessor.PreprocessorException,PreprocessorException,Public Class,1,0,3,0,1,3,1,0,0,0,6,7,1.17,2,2,3,2,0,0,1,1,1,0,13,1,2,0,1,0,0,0,0,1,1,3,1,No
hsqldb,org.hsqldb.util.preprocessor.Token,Token,Public Final Class,5,0,9,0,3,9,1,6,4,17,64,7,0.11,1,1,23,23,0,0,43,11,1,0,77,6,1,1,5,0,0,1,0,4,25,34,17,No
hsqldb,org.hsqldb.util.preprocessor.Document,Document,Public Class,25,0,9,10,2,18,1,26,1,0,225,249,1.11,20,20,67,55,0,0,137,113,24,1,499,12,1,3,25,44,4,0,2,23,97,153,61,No
hsqldb,org.hsqldb.util.preprocessor.Line,Line,Public Class,11,1,8,5,2,14,1,20,2,5,98,82,0.84,6,6,33,31,0,0,61,48,9,5,197,6,1,2,11,71,62,0,0,11,51,71,21,No
hsqldb,org.hsqldb.util.preprocessor.LineType,LineType,Public Class,4,2,9,1,2,12,1,15,3,19,62,11,0.18,10,10,32,30,0,0,41,19,1,0,88,6,1,4,4,50,50,2,0,2,36,45,9,No
hsqldb,org.hsqldb.util.TableSorter.(Anon_1),(Anon_1),Anonymous Class,1,5,15,0,5,20,1,6,0,0,16,0,0,1,1,1,1,0,0,11,9,1,0,22,5,2,2,1,0,0,0,0,1,5,10,5,No
hsqldb,org.hsqldb.util.TableSorter.(Anon_2),(Anon_2),Anonymous Class,1,0,3,0,1,3,1,1,0,0,4,0,0,0,0,1,1,0,0,3,1,1,0,5,1,2,0,1,0,0,0,0,1,1,2,1,No
hsqldb,org.hsqldb.util.TableSorter.Arrow,Arrow,Private Static Class,4,3,9,2,2,13,2,15,0,0,42,6,0.14,3,3,15,12,0,0,28,21,4,3,63,6,1,1,4,33,33,0,0,4,25,31,9,No
hsqldb,org.hsqldb.util.TableSorter.Directive,Directive,Private Static Class,1,0,4,0,1,4,1,2,0,0,8,0,0,0,0,4,4,0,0,2,2,1,2,10,1,1,0,1,0,0,0,0,1,4,6,1,No
hsqldb,org.hsqldb.util.TableSorter.MouseHandler,MouseHandler,Private Class,1,5,16,3,4,23,1,6,0,0,18,3,0.17,4,4,7,7,0,0,12,11,1,0,26,4,2,2,1,0,0,0,0,1,9,13,4,No
hsqldb,org.hsqldb.util.TableSorter.Row,Row,Private Class,2,3,14,1,4,17,2,8,0,0,31,1,0.03,3,3,11,12,0,0,21,16,2,1,40,7,1,2,2,0,0,0,0,2,17,24,8,No
hsqldb,org.hsqldb.util.TableSorter.SortableHeaderRenderer,SortableHeaderRenderer,Private Class,2,3,9,0,2,12,2,9,0,0,21,0,0,4,4,10,7,0,0,10,7,2,1,30,2,1,1,2,0,0,0,0,2,8,12,3,No
hsqldb,org.hsqldb.util.TableSorter.TableModelHandler,TableModelHandler,Private Class,1,9,25,23,4,57,2,10,0,0,27,23,0.85,2,2,4,4,0,0,20,15,1,0,60,4,1,1,1,0,0,0,0,1,12,17,4,No
hsqldb,org.hsqldb.util.TransferSQLText,TransferSQLText,Class,32,13,46,0,9,58,1,181,0,0,617,5,0.01,23,23,93,81,12,0,466,352,13,6,803,30,2,6,13,68,62,1,0,0,293,413,121,No
hsqldb,org.hsqldb.util.TransferCommon,TransferCommon,Class,3,4,19,0,4,23,1,15,2,0,60,7,0.12,12,12,14,14,2,0,42,36,1,0,82,6,1,3,3,0,0,1,0,0,36,47,11,No
hsqldb,org.hsqldb.util.TransferSQLText.ColumnDef,ColumnDef,Static Class,1,1,7,0,1,8,1,3,0,0,14,0,0,1,1,7,7,0,0,5,5,1,5,17,1,1,0,1,0,0,0,0,1,10,12,1,No
hsqldb,orgname,orgname,Class,13,2,8,0,2,13,1,30,0,0,90.5,11,0.1,8,8,25,22,0,0,55,44,7,2,148.5,5,2,2,8,50,37.5,0,0,5,42,63,19,No
